0.004910	0	0	8	1
0.137417	0	32	8	1
0.269924	0	3024	32	1
0.799953	0	3152	64	1
1.860011	0	3216	128	1
3.980126	0	3344	112	1
5.835227	0	4664	8	1
5.967734	0	4672	8	1
6.100241	0	4712	8	1
6.232748	0	4736	96	1
7.822835	0	4680	16	1
8.087849	0	4832	8	1
8.220356	0	4840	16	1
8.485371	0	4856	8	1
8.617878	0	4696	16	1
8.882892	0	4864	16	1
9.147907	0	4880	8	1
9.280414	0	4888	128	1
11.400529	0	5016	128	1
13.128844	0	5144	128	1
15.248960	0	5272	128	1
17.369075	0	5400	128	1
19.489190	0	5528	128	1
21.348105	0	5656	128	1
23.468220	0	5784	32	1
23.998249	0	5816	128	1
26.118364	0	5944	40	1
26.780900	0	5984	128	1
27.856216	0	6112	128	1
29.976331	0	6240	128	1
32.096446	0	6368	8	1
32.228953	0	6376	128	1
34.349068	0	6504	128	1
35.685584	0	6632	128	1
37.805699	0	6760	128	1
39.925814	0	6888	128	1
42.045929	0	7016	128	1
43.513044	0	7144	128	1
45.633160	0	7272	128	1
47.753275	0	7400	128	1
49.873390	0	7528	128	1
51.471105	0	7656	128	1
53.591220	0	7784	128	1
55.711336	0	7912	112	1
57.566436	0	8024	8	1
57.698944	0	8048	8	1
57.831451	0	8056	8	1
57.963958	0	8128	8	1
58.096465	0	8288	8	1
58.228972	0	8368	8	1
58.361480	0	8384	8	1
58.493987	0	8392	16	1
58.759001	0	8408	8	1
58.891508	0	8824	8	1
59.024016	0	9720	8	1
59.156523	0	9728	8	1
59.289030	0	9736	8	1
59.421537	0	9752	16	1
59.686552	0	9768	128	1
61.806667	0	9896	32	1
62.336696	0	9928	80	1
63.661768	0	10008	8	1
63.794275	0	10072	8	1
63.926782	0	10080	48	1
64.721825	0	10128	8	1
64.854332	0	10136	40	1
65.516868	0	10176	8	1
65.649376	0	10216	8	1
65.781883	0	10240	32	1
66.311912	0	10272	16	1
66.576926	0	10288	8	1
66.709433	0	10328	16	1
66.974448	0	10344	8	1
67.106955	0	10352	128	1
69.227070	0	10480	128	1
70.955385	0	10608	128	1
73.075500	0	10736	128	1
75.195616	0	10864	128	1
77.315731	0	10992	128	1
78.913446	0	11120	128	1
81.033561	0	11248	128	1
83.153676	0	11376	128	1
85.273792	0	11504	128	1
86.740907	0	11632	128	1
88.861022	0	11760	128	1
90.981137	0	11888	128	1
93.106974	0	8024	24	0
93.108881	0	8056	8	0
93.110788	0	8120	8	0
93.112696	0	8376	8	0
93.114603	0	9744	8	0
93.129860	0	10008	64	0
93.101252	0	12016	128	1
94.437768	0	12144	128	1
96.557883	0	12272	128	1
98.687534	0	10176	40	0
98.691348	0	10224	16	0
98.700884	0	10288	40	0
98.677998	0	12400	128	1
100.798113	0	12528	8	1
100.930620	0	12552	16	1
101.195635	0	12568	8	1
101.328142	0	12576	8	1
101.460649	0	12584	48	1
101.994492	0	12648	8	1
102.127000	0	12656	8	1
102.259507	0	12688	8	1
102.392014	0	12712	8	1
102.524521	0	12736	8	1
102.657028	0	12744	8	1
102.789536	0	12752	8	1
102.922043	0	12792	8	1
103.054550	0	12800	8	1
103.187057	0	12840	8	1
103.319564	0	12864	8	1
103.452072	0	12888	24	1
103.849593	0	12936	24	1
104.247115	0	12984	16	1
104.512129	0	13024	8	1
104.644636	0	13032	8	1
104.777144	0	13040	8	1
104.909651	0	13088	24	1
105.176572	0	13136	16	1
105.441587	0	13168	16	1
105.706601	0	13184	8	1
105.839108	0	13208	8	1
105.971616	0	13240	8	1
106.104123	0	13264	8	1
106.236630	0	13312	8	1
106.369137	0	13320	8	1
106.501644	0	13328	8	1
106.634152	0	13368	24	1
107.031673	0	13392	8	1
107.164180	0	13416	16	1
109.830660	0	13448	8	1
110.314800	0	13456	16	1
111.992200	0	13472	16	1
112.381940	0	13504	24	1
115.455340	0	13528	16	1
115.720354	0	13544	8	1
115.852862	0	13552	8	1
115.985369	0	13576	16	1
119.254700	0	13616	8	1
127.186440	0	13640	8	1
127.318947	0	13648	16	1
127.583962	0	13664	8	1
127.716469	0	13672	8	1
127.851270	0	13680	32	1
128.381299	0	13712	24	1
128.778820	0	13736	8	1
128.911328	0	13880	24	1
132.545200	0	13904	8	1
132.985460	0	13928	24	1
134.315972	0	12528	24	0
134.319786	0	12632	16	0
134.327415	0	12656	32	0
134.331229	0	12696	16	0
134.335044	0	12720	16	0
134.344580	0	12752	40	0
134.354116	0	12800	40	0
134.357930	0	12848	16	0
134.361744	0	12872	16	0
134.367466	0	12912	24	0
134.373188	0	12960	24	0
134.378909	0	13000	24	0
134.390352	0	13040	48	0
137.266000	0	13968	16	1
139.436062	0	13112	24	0
139.439876	0	13152	16	0
139.453226	0	13184	56	0
139.468484	0	13248	64	0
139.478020	0	13328	40	0
139.483742	0	13392	24	0
139.487556	0	13432	16	0
140.035930	0	13984	8	1
141.164700	0	14016	8	1
141.297207	0	14248	8	1
141.429714	0	14200	8	1
141.562222	0	14192	8	1
141.694729	0	14208	8	1
141.827236	0	14264	16	1
142.092250	0	14216	8	1
142.224758	0	14240	8	1
142.357265	0	14504	8	1
142.489772	0	14512	8	1
143.016940	0	14536	8	1
143.149447	0	14544	8	1
143.780900	0	14616	48	1
144.579758	0	13488	16	0
144.579758	0	14664	8	1
144.712265	0	14672	48	1
145.591620	0	14720	8	1
146.139340	0	14760	8	1
146.343860	0	14768	56	1
149.603134	0	13560	16	0
149.608856	0	13592	24	0
151.415540	0	14824	8	1
151.713030	0	14872	16	1
154.643754	0	13624	16	0
155.927890	0	14888	8	1
156.252320	0	14912	16	1
159.696485	0	13736	128	0
159.700300	0	13864	16	0
161.120120	0	14944	24	1
164.736454	0	13912	16	0
167.320390	0	14984	16	1
167.976370	0	15000	8	1
168.177660	0	15008	16	1
168.442674	0	15024	16	1
170.293334	0	13952	16	0
170.300963	0	13984	32	0
170.479490	0	15040	8	1
174.668590	0	15192	8	1
174.988950	0	15320	16	1
175.253964	0	15336	8	1
175.416987	0	14016	128	0
175.447502	0	14144	128	0
175.478017	0	14272	128	0
175.502811	0	14400	104	0
175.506625	0	14520	16	0
175.512347	0	14728	24	0
175.512347	0	15304	8	1
175.644854	0	15352	8	1
175.777361	0	15440	8	1
175.909868	0	15448	32	1
176.494520	0	15496	16	1
176.759534	0	15520	128	1
178.487850	0	15648	128	1
180.609872	0	14752	8	0
180.607965	0	15776	32	1
181.137994	0	15512	8	1
181.270501	0	15808	8	1
181.403008	0	15816	48	1
182.480000	0	15880	8	1
182.612507	0	15888	16	1
182.877522	0	15904	24	1
183.275043	0	15928	8	1
183.407550	0	15936	8	1
185.548240	0	15960	16	1
185.824698	0	14824	48	0
185.828512	0	14888	16	0
187.311280	0	15976	16	1
187.576294	0	15992	24	1
187.973816	0	16016	8	1
190.662370	0	16080	8	1
190.838817	0	14904	8	0
190.842632	0	14928	16	0
194.870860	0	16120	8	1
195.225230	0	16144	24	1
195.869684	0	14968	16	0
198.568590	0	16168	8	1
200.906405	0	15040	128	0
200.912127	0	15168	24	0
202.980750	0	16192	8	1
203.270710	0	16216	16	1
205.972745	0	15192	128	0
206.001353	0	15320	120	0
207.326320	0	16232	8	1
211.060464	0	15480	16	0
211.793150	0	16264	8	1
215.398610	0	16312	8	1
215.531117	0	16320	8	1
215.706650	0	16360	24	1
216.119674	0	15864	16	0
216.125396	0	15936	24	0
218.976730	0	16384	16	1
219.251550	0	16400	8	1
219.384057	0	16408	8	1
221.248914	0	16016	104	0
222.334620	0	16432	8	1
222.467127	0	16440	8	1
222.653120	0	16472	16	1
223.005450	0	16488	120	1
226.521012	0	16120	24	0
226.153990	0	16608	128	1
227.882305	0	16736	56	1
229.205390	0	16832	8	1
229.803500	0	16848	24	1
230.201022	0	16872	16	1
230.466036	0	16888	8	1
230.598543	0	16984	8	1
230.731050	0	17000	8	1
230.863558	0	17040	8	1
230.996065	0	17048	8	1
231.128572	0	20064	16	1
231.393586	0	19624	8	1
231.526094	0	19520	8	1
231.658601	0	17136	48	1
232.453644	0	17072	64	1
233.513702	0	17192	8	1
233.646209	0	17184	8	1
233.778716	0	20080	8	1
233.911223	0	20096	24	1
234.308745	0	20304	16	1
234.573759	0	20272	8	1
234.706266	0	20328	8	1
234.838774	0	20336	8	1
234.971281	0	20352	16	1
235.703170	0	20392	8	1
243.083243	0	16168	48	0
243.100408	0	16240	72	0
243.100408	0	20400	8	1
243.382010	0	20496	16	1
247.507160	0	20512	8	1
249.043570	0	20536	16	1
249.433910	0	20552	8	1
249.566417	0	20560	40	1
252.694340	0	20600	8	1
253.205366	0	16320	40	0
253.211088	0	16408	24	0
253.218716	0	16440	32	0
256.666740	0	20736	8	1
257.156200	0	20744	8	1
257.288707	0	20752	8	1
257.503850	0	20784	24	1
258.117760	0	20808	8	1
261.804950	0	20832	8	1
262.138260	0	20864	24	1
263.271612	0	16792	24	0
263.275426	0	16832	16	0
265.462830	0	20888	16	1
266.421230	0	20904	8	1
268.463789	0	20320	32	0
268.469510	0	20368	24	0
270.289690	0	20928	8	1
270.857840	0	21200	8	1
270.990347	0	21224	8	1
271.122854	0	21232	8	1
271.373790	0	21312	8	1
271.594910	0	21472	8	1
271.727417	0	21480	24	1
272.341980	0	21520	8	1
272.545090	0	21528	48	1
273.340133	0	21576	8	1
273.472640	0	21584	8	1
273.605148	0	21608	8	1
273.760541	0	20400	96	0
273.760541	0	21616	24	1
274.567740	0	21656	8	1
274.700247	0	21664	64	1
275.629705	0	21728	8	1
278.890220	0	21736	16	1
279.500890	0	21752	24	1
280.354150	0	21776	8	1
283.995437	0	20528	8	0
283.997344	0	20728	8	0
285.653780	0	21800	24	1
286.051302	0	21824	8	1
289.037524	0	20512	16	0
289.068040	0	20600	128	0
289.073761	0	20752	24	0
289.077576	0	20808	16	0
290.928470	0	21856	8	1
291.060977	0	21864	8	1
294.149427	0	20776	8	0
294.158963	0	20824	40	0
296.157070	0	21904	32	1
297.238310	0	21936	8	1
307.530940	0	22000	8	1
307.663447	0	22008	8	1
309.236245	0	20904	128	0
309.266760	0	21032	128	0
309.297276	0	21160	128	0
309.327791	0	21288	128	0
309.341141	0	21416	56	0
309.344956	0	21504	16	0
309.348770	0	21592	16	0
309.352584	0	21640	16	0
312.787830	0	22048	8	1
312.920337	0	22056	8	1
314.358034	0	21784	16	0
318.001270	0	22080	8	1
318.343730	0	22112	24	1
323.405340	0	22136	8	1
328.685580	0	22168	8	1
329.520189	0	21824	32	0
329.529725	0	21864	40	0
329.539261	0	21936	40	0
333.955870	0	22224	24	1
334.353392	0	22248	8	1
334.571162	0	21976	24	0
339.239300	0	22328	24	1
339.636822	0	22352	8	1
344.584340	0	22408	24	1
344.981862	0	22432	8	1
345.114369	0	22472	8	1
349.826940	0	22480	8	1
350.009456	0	22008	40	0
350.015178	0	22056	24	0
350.020899	0	22088	24	0
355.059712	0	22144	24	0
355.075700	0	22504	8	1
355.208207	0	22512	8	1
360.260560	0	22552	8	1
360.393067	0	22560	8	1
365.547510	0	22608	8	1
365.680017	0	22616	8	1
365.878010	0	22656	24	1
370.566170	0	22168	56	0
370.575706	0	22248	40	0
370.577614	0	22320	8	0
370.587150	0	22352	40	0
371.070170	0	22680	8	1
371.202677	0	22688	8	1
375.831216	0	22432	40	0
377.391750	0	22720	8	1
377.524257	0	22728	8	1
377.697900	0	22784	16	1
382.709970	0	22800	8	1
383.009180	0	22832	16	1
388.031590	0	22848	16	1
388.703860	0	23064	8	1
388.836367	0	23080	8	1
388.968874	0	23016	8	1
389.101382	0	23056	8	1
389.502210	0	23264	8	1
389.634717	0	23272	8	1
390.056810	0	23296	8	1
390.300760	0	23304	8	1
391.876094	0	22488	16	0
391.885630	0	22512	40	0
391.895166	0	22560	40	0
397.099236	0	22616	40	0
397.615750	0	23328	8	1
397.967770	0	23368	16	1
408.709360	0	23400	8	1
412.656179	0	22688	32	0
412.665715	0	22728	40	0
412.671436	0	22808	24	0
414.649720	0	23448	8	1
420.824840	0	23528	8	1
421.147390	0	23608	24	1
427.119960	0	23632	8	1
433.062015	0	22864	128	0
433.092530	0	22992	128	0
433.123046	0	23120	128	0
433.126860	0	23248	16	0
433.130674	0	23280	16	0
433.144025	0	23312	56	0
433.147839	0	23384	16	0
433.569350	0	23656	8	1
433.947130	0	23696	8	1
438.163033	0	23400	48	0
445.431450	0	23720	8	1
445.563957	0	23728	8	1
451.144250	0	23784	8	1
453.433085	0	23448	128	0
453.440714	0	23576	32	0
457.347220	0	23832	8	1
458.479252	0	23632	24	0
463.463330	0	23864	8	1
463.918660	0	23912	8	1
473.782246	0	23656	40	0
473.786060	0	23704	16	0
474.964120	0	23936	8	1
475.530060	0	23984	8	1
475.662567	0	24304	8	1
475.795074	0	24352	8	1
475.927582	0	24368	8	1
476.060089	0	24392	8	1
476.192596	0	24456	8	1
476.325103	0	24488	8	1
476.457610	0	24440	16	1
476.722625	0	24744	8	1
476.855132	0	24752	16	1
477.120146	0	24768	8	1
477.252654	0	24776	24	1
477.693810	0	24816	8	1
477.934010	0	24824	48	1
478.729053	0	24872	128	1
480.862519	0	23728	56	0
480.849168	0	25000	128	1
482.969284	0	25128	128	1
484.175199	0	25256	128	1
486.295314	0	25384	128	1
488.415429	0	25512	128	1
490.535544	0	25640	56	1
491.463095	0	25696	72	1
492.525060	0	25800	8	1
492.657567	0	25808	16	1
492.922581	0	25824	8	1
493.055088	0	25832	88	1
494.512668	0	25920	128	1
496.663298	0	23784	128	0
496.632783	0	26048	16	1
496.897797	0	26064	64	1
497.957855	0	26128	88	1
499.284834	0	26216	128	1
501.404949	0	26344	8	1
501.537456	0	26352	8	1
501.671871	0	23920	8	0
501.671871	0	26360	48	1
502.466914	0	26408	8	1
502.599421	0	26536	8	1
502.731928	0	26608	8	1
502.864436	0	26672	8	1
502.996943	0	26680	8	1
503.129450	0	26688	24	1
503.526972	0	26728	8	1
503.659479	0	26736	72	1
504.852044	0	26840	8	1
504.984551	0	26864	16	1
505.249565	0	26880	128	1
507.375402	0	23936	24	0
507.377309	0	23968	8	0
507.407824	0	23984	128	0
507.438340	0	24112	128	0
507.468855	0	24240	128	0
507.499370	0	24368	128	0
507.529885	0	24496	128	0
507.556586	0	24632	112	0
507.560400	0	24800	16	0
507.369680	0	27008	128	1
509.489796	0	27136	120	1
510.824404	0	27256	8	1
510.956911	0	27264	16	1
511.221925	0	27296	8	1
511.354432	0	27304	8	1
511.486940	0	27328	8	1
511.619447	0	27336	56	1
512.546997	0	27408	8	1
512.681412	0	23928	8	0
512.683319	0	23960	8	0
512.685226	0	23976	8	0
512.687133	0	24624	8	0
512.687133	0	27416	32	1
513.217162	0	27464	8	1
513.349669	0	27472	96	1
514.939756	0	27584	8	1
515.072263	0	27592	24	1
515.469784	0	27632	8	1
515.602292	0	27640	8	1
515.734799	0	27664	8	1
515.867306	0	27672	8	1
515.999813	0	27712	8	1
517.462580	0	27736	88	1
518.920159	0	27824	8	1
519.052666	0	27832	8	1
519.185174	0	27856	8	1
521.267200	0	27864	8	1
524.503540	0	27888	8	1
529.068680	0	27912	8	1
529.201187	0	27920	8	1
529.341323	0	25768	32	0
529.341323	0	27968	8	1
529.578740	0	27976	32	1
530.509000	0	28024	8	1
530.703890	0	28032	24	1
531.483970	0	28072	8	1
531.616477	0	28080	16	1
534.372245	0	26408	128	0
534.402760	0	26536	128	0
534.404668	0	26664	8	0
534.408482	0	26712	16	0
534.416111	0	26808	32	0
534.419925	0	26848	16	0
536.739820	0	28096	8	1
540.705120	0	28168	8	1
540.996930	0	28200	8	1
544.676990	0	28224	8	1
546.552890	0	28264	8	1
546.685397	0	28272	16	1
546.950412	0	28288	8	1
547.082919	0	28296	8	1
547.215426	0	28304	8	1
547.347933	0	28312	16	1
547.612948	0	28328	8	1
547.745455	0	28336	8	1
547.877962	0	28344	8	1
548.010469	0	28352	8	1
548.142976	0	28360	8	1
548.275484	0	28368	8	1
548.407991	0	28376	16	1
548.673005	0	28392	8	1
548.805512	0	28400	8	1
548.938020	0	28408	8	1
549.070527	0	28416	8	1
549.203034	0	28424	8	1
549.335541	0	28432	8	1
549.468048	0	28440	8	1
549.600556	0	28448	8	1
549.733063	0	28456	8	1
549.865570	0	28464	8	1
549.998077	0	28472	8	1
550.130584	0	28480	8	1
550.263092	0	28488	8	1
550.395599	0	28496	16	1
550.660613	0	28512	8	1
550.793120	0	28520	8	1
550.925628	0	28528	8	1
551.058135	0	28536	8	1
551.190642	0	28544	8	1
551.323149	0	28552	8	1
551.455656	0	28560	16	1
551.720671	0	28576	8	1
551.853178	0	28584	8	1
551.985685	0	28592	8	1
552.118192	0	28600	8	1
552.250700	0	28608	8	1
552.383207	0	28616	24	1
552.780728	0	28640	8	1
552.913236	0	28648	8	1
553.045743	0	28656	8	1
553.178250	0	28664	8	1
553.310757	0	29080	8	1
555.802070	0	29088	8	1
556.178890	0	29928	8	1
560.805164	0	27280	16	0
560.808979	0	27312	16	0
560.812793	0	27392	16	0
560.816608	0	27448	16	0
560.820422	0	27568	16	0
560.824236	0	27616	16	0
560.828051	0	27648	16	0
560.837587	0	27672	40	0
560.841401	0	27720	16	0
560.847123	0	27832	24	0
560.850937	0	27872	16	0
560.868102	0	27896	72	0
560.871916	0	28008	16	0
563.622700	0	29952	8	1
563.957720	0	29984	16	1
565.878714	0	16792	16	0
565.880622	0	16832	8	0
567.784380	0	30056	8	1
567.916887	0	30048	8	1
568.273720	0	30952	8	1
568.406227	0	30960	8	1
570.889374	0	28056	16	0
570.914168	0	28096	104	0
574.032330	0	30976	16	1
582.186170	0	31008	8	1
582.422990	0	31056	8	1
582.555497	0	31112	8	1
582.688004	0	31088	8	1
582.820512	0	31120	8	1
582.953019	0	31224	8	1
583.085526	0	31272	8	1
583.218033	0	31280	48	1
584.013076	0	31328	16	1
584.430430	0	31376	16	1
584.695444	0	31400	128	1
586.815560	0	31392	8	1
586.948067	0	31544	16	1
587.213081	0	31560	128	1
589.333196	0	31688	80	1
590.397068	0	31768	8	1
591.843164	0	28208	16	0
591.850793	0	28232	32	0
591.881308	0	28672	128	0
591.911824	0	28800	128	0
591.942339	0	28928	128	0
591.948060	0	29056	24	0
591.969040	0	29088	88	0
591.999555	0	29400	128	0
592.030070	0	29528	128	0
592.060585	0	29656	128	0
592.091100	0	29784	128	0
592.094915	0	29912	16	0
592.098729	0	29936	16	0
593.076260	0	31792	8	1
593.449740	0	31824	8	1
593.929910	0	31848	8	1
597.115957	0	8056	8	0
597.146472	0	29176	128	0
597.169359	0	29304	96	0
597.173173	0	29952	16	0
597.175080	0	30016	8	0
597.184616	0	30040	40	0
597.186524	0	30376	8	0
598.671660	0	31872	8	1
598.959510	0	31904	24	1
602.191034	0	29968	16	0
602.194849	0	30000	16	0
602.198663	0	30024	16	0
602.229178	0	30080	128	0
602.259694	0	30208	128	0
602.269230	0	30336	40	0
602.299745	0	30384	128	0
602.330260	0	30512	128	0
602.360775	0	30640	128	0
602.391290	0	30768	128	0
602.404641	0	30896	56	0
603.061550	0	31928	8	1
606.949970	0	31952	8	1
611.591880	0	31976	8	1
613.441220	0	31984	8	1
613.573727	0	31992	8	1
613.800430	0	32080	8	1
617.601290	0	32104	32	1
618.131319	0	32136	8	1
618.263826	0	32176	24	1
622.515880	0	32200	8	1
622.823040	0	32224	24	1
627.457360	0	32248	8	1
627.741530	0	32272	24	1
628.358910	0	8064	56	0
628.360818	0	30968	8	0
628.391333	0	30992	128	0
628.421848	0	31120	128	0
628.427570	0	31248	24	0
628.435198	0	31344	32	0
628.439013	0	31528	16	0
628.450456	0	31776	48	0
628.467621	0	31832	72	0
632.357440	0	32296	8	1
632.712770	0	32320	24	1
633.475212	0	31928	24	0
637.238590	0	32344	8	1
637.826080	0	32472	8	1
637.958587	0	32448	8	1
638.091094	0	32488	8	1
638.223602	0	32520	8	1
638.532540	0	32584	8	1
638.665047	0	32592	32	1
643.171580	0	32624	24	1
643.569102	0	32648	32	1
644.099130	0	32680	8	1
646.752500	0	32728	24	1
647.150022	0	32752	8	1
651.915570	0	32784	8	1
652.260770	0	32848	24	1
656.943140	0	32896	16	1
658.765412	0	31952	24	0
658.786391	0	31992	88	0
658.790205	0	32088	16	0
658.799741	0	32136	40	0
658.805463	0	32200	24	0
658.811184	0	32248	24	0
660.454070	0	32928	24	1
663.835182	0	32296	24	0
663.944090	0	32976	16	1
670.477770	0	33016	8	1
670.804620	0	33048	24	1
674.182550	0	33088	16	1
677.888430	0	33104	8	1
681.496270	0	33128	8	1
681.831960	0	33176	8	1
688.959260	0	33200	8	1
689.122282	0	32344	128	0
689.148983	0	32472	112	0
689.160426	0	32680	48	0
689.183313	0	32752	96	0
689.189034	0	32872	24	0
689.290370	0	33232	16	1
694.301674	0	32912	16	0
694.307396	0	32952	24	0
695.946840	0	33264	8	1
696.285870	0	33304	8	1
699.518740	0	33328	16	1
706.463320	0	33360	8	1
709.711230	0	33408	8	1
710.026300	0	33432	16	1
713.678600	0	33448	8	1
713.962970	0	33480	8	1
716.987800	0	33504	24	1
719.451310	0	32992	56	0
719.455125	0	33072	16	0
719.472290	0	33104	72	0
719.483733	0	33184	48	0
719.960090	0	33528	8	1
720.536650	0	33744	8	1
720.669157	0	33728	8	1
720.936680	0	33768	8	1
721.217710	0	33864	8	1
721.378450	0	33872	56	1
722.306000	0	33928	8	1
722.438508	0	33936	8	1
722.571015	0	33944	8	1
722.710520	0	33952	8	1
724.508254	0	33248	16	0
724.618190	0	33976	16	1
727.936670	0	34016	8	1
728.166560	0	34040	8	1
728.359160	0	34048	8	1
732.088610	0	34056	8	1
732.367620	0	34088	8	1
737.368780	0	34112	8	1
737.667430	0	34144	8	1
740.181450	0	34168	8	1
746.458420	0	34192	8	1
749.703130	0	34216	8	1
750.010130	0	34248	8	1
752.606950	0	34272	16	1
754.755796	0	33264	40	0
754.759610	0	33312	16	0
754.780590	0	33344	88	0
754.786311	0	33456	24	0
754.790126	0	33488	16	0
754.820641	0	33528	128	0
754.851156	0	33656	128	0
754.870228	0	33784	80	0
754.874042	0	33960	16	0
759.078430	0	34312	8	1
759.373290	0	34352	8	1
759.886353	0	33992	48	0
761.158390	0	34376	8	1
761.290897	0	34424	8	1
761.423404	0	34440	8	1
761.555912	0	34448	8	1
761.688419	0	34480	8	1
761.820926	0	34488	16	1
762.567850	0	34504	8	1
764.900599	0	34056	32	0
764.904413	0	34096	16	0
764.790930	0	34512	24	1
769.295160	0	34552	8	1
769.561720	0	34560	8	1
769.694227	0	34568	8	1
769.866320	0	34608	16	1
773.443040	0	34640	8	1
777.061080	0	34664	8	1
777.193587	0	34672	8	1
777.401680	0	34696	8	1
780.778540	0	34720	24	1
784.851110	0	34744	8	1
784.983617	0	34752	8	1
785.553580	0	34848	8	1
785.755050	0	34856	32	1
790.411900	0	34888	8	1
790.622390	0	34912	8	1
790.840520	0	34936	8	1
790.973027	0	34944	24	1
795.160609	0	34112	32	0
795.164423	0	34152	16	0
795.181588	0	34176	72	0
795.185402	0	34256	16	0
795.200660	0	34288	64	0
795.229268	0	34360	120	0
795.233082	0	34536	16	0
800.992720	0	34968	56	1
801.920270	0	35024	80	1
803.245342	0	35128	8	1
805.668566	0	34568	40	0
805.672380	0	34624	16	0
805.676195	0	34648	16	0
810.135160	0	35152	8	1
810.425450	0	35176	8	1
814.305070	0	35200	8	1
818.118900	0	35224	8	1
822.228630	0	35280	8	1
822.361137	0	35288	24	1
822.994350	0	35312	16	1
826.205480	0	35344	8	1
833.293340	0	35376	8	1
835.790542	0	34672	24	0
835.794356	0	34704	16	0
835.817242	0	34752	96	0
835.828686	0	34888	48	0
835.834407	0	35104	24	0
835.838222	0	35136	16	0
836.334640	0	35416	8	1
839.784720	0	35440	8	1
840.121570	0	35464	8	1
840.905402	0	35152	24	0
843.197370	0	35488	16	1
846.019084	0	35184	16	0
849.755670	0	35520	8	1
850.091670	0	35552	24	1
853.125410	0	35576	8	1
853.353380	0	35584	8	1
853.818470	0	35656	8	1
854.149430	0	35720	8	1
854.344390	0	35728	8	1
855.043530	0	35736	16	1
858.084810	0	35752	8	1
861.753790	0	35800	8	1
862.732870	0	35808	8	1
863.083920	0	35840	24	1
866.067640	0	35864	8	1
866.355410	0	35888	16	1
869.142530	0	35920	16	1
876.276064	0	35208	16	0
876.287508	0	35232	48	0
876.291322	0	35328	16	0
876.318023	0	35352	112	0
876.321837	0	35472	16	0
876.325652	0	35504	16	0
876.845670	0	35952	8	1
880.607520	0	36024	8	1
881.375029	0	35520	32	0
884.049270	0	36056	8	1
884.384770	0	36088	8	1
886.439275	0	35592	128	0
887.560230	0	36112	24	1
890.459100	0	36136	8	1
894.191180	0	36160	8	1
897.305970	0	36200	8	1
900.924230	0	36232	8	1
901.056737	0	36240	8	1
901.236200	0	36296	24	1
904.134470	0	36320	8	1
904.470360	0	36344	8	1
907.434800	0	36368	24	1
910.353970	0	36392	8	1
910.634770	0	36416	24	1
913.849350	0	36440	8	1
914.187040	0	36464	8	1
916.760533	0	35752	48	0
916.768162	0	35808	32	0
916.773884	0	35864	24	0
916.777698	0	35904	16	0
916.781512	0	35936	16	0
920.093620	0	36488	8	1
921.823435	0	35952	128	0
921.825342	0	36080	8	0
921.829157	0	36096	16	0
921.834878	0	36136	24	0
923.873540	0	36536	8	1
926.896476	0	36160	40	0
927.622320	0	36568	8	1
927.912060	0	36608	8	1
930.977620	0	36632	8	1
933.413160	0	36656	16	1
936.535660	0	36688	16	1
939.676970	0	36720	8	1
942.524310	0	36744	8	1
945.680540	0	36752	8	1
949.075130	0	36776	8	1
949.417470	0	36816	16	1
955.546170	0	36872	16	1
957.159779	0	36200	32	0
957.173129	0	36240	56	0
957.178851	0	36320	24	0
957.182665	0	36352	16	0
957.188387	0	36392	24	0
957.194108	0	36440	24	0
957.224624	0	36472	128	0
957.226531	0	36600	8	0
958.720500	0	36888	8	1
962.859240	0	36920	8	1
964.802870	0	36968	8	1
965.878550	0	36976	8	1
966.164320	0	37008	8	1
967.235964	0	36616	16	0
967.239779	0	36640	16	0
967.243593	0	36672	16	0
972.514670	0	37032	8	1
973.528860	0	37544	16	1
973.793874	0	37576	8	1
973.926382	0	37536	8	1
974.058889	0	37528	8	1
974.692070	0	37824	8	1
974.824577	0	37832	16	1
975.089592	0	37848	8	1
975.222099	0	37856	24	1
975.619620	0	37880	8	1
979.022150	0	37904	8	1
985.634040	0	37928	8	1
985.952340	0	37952	8	1
990.805670	0	37976	16	1
996.676330	0	38008	8	1
997.471714	0	36704	16	0
997.475529	0	36728	16	0
997.488879	0	36760	56	0
997.498415	0	36832	40	0
997.515580	0	36896	72	0
997.523209	0	36976	32	0
1000.937840	0	38016	8	1
1001.273420	0	38040	8	1
1002.538708	0	37016	64	0
1005.476210	0	38048	8	1
1005.771940	0	38072	16	1
1006.075230	0	38112	8	1
1006.273170	0	38120	40	1
1007.241450	0	38160	8	1
1007.373957	0	38168	16	1
1007.669487	0	37080	128	0
1007.700002	0	37208	128	0
1007.730517	0	37336	128	0
1007.761032	0	37464	128	0
1007.791548	0	37592	128	0
1007.816341	0	37720	104	0
1007.816341	0	38184	32	1
1013.516480	0	38216	24	1
1013.914002	0	38256	8	1
1020.261860	0	38264	40	1
1020.924396	0	38320	16	1
1027.045700	0	38336	8	1
1027.352590	0	38360	24	1
1033.968560	0	38384	8	1
1039.431214	0	37888	16	0
1039.440750	0	37912	40	0
1039.444565	0	37960	16	0
1039.448379	0	37992	16	0
1039.452194	0	38024	16	0
1039.465544	0	38056	56	0
1042.883920	0	38416	96	1
1044.474006	0	38512	8	1
1044.606514	0	38520	8	1
1044.739021	0	38568	16	1
1050.038264	0	38240	16	0
1050.042079	0	38304	16	0
1051.393970	0	38600	8	1
1058.930570	0	38624	16	1
1073.239590	0	38664	8	1
1073.372097	0	38672	8	1
1073.504604	0	38680	8	1
1073.637112	0	38712	8	1
1080.418912	0	38336	24	0
1080.426540	0	38384	32	0
1085.842953	0	38520	48	0
1085.846768	0	38584	16	0
1088.591380	0	38736	8	1
1088.998250	0	38824	8	1
1089.422030	0	38896	8	1
1089.554537	0	38904	48	1
1090.951454	0	38608	16	0
1095.871380	0	38952	8	1
1096.867380	0	38960	16	1
1097.132394	0	38976	8	1
1103.741230	0	39016	8	1
1104.082480	0	39056	16	1
1111.154060	0	39088	24	1
1118.227710	0	39136	16	1
1121.367417	0	38656	8	0
1121.369324	0	38704	8	0
1121.371232	0	38728	8	0
1123.863960	0	39152	8	1
1124.182080	0	39184	8	1
1126.534684	0	38640	16	0
1126.540406	0	38680	24	0
1126.542313	0	38720	8	0
1126.572828	0	38736	128	0
1126.580457	0	38864	32	0
1127.024500	0	39208	24	1
1131.618056	0	38976	40	0
1140.148130	0	39256	80	1
1141.344760	0	39336	8	1
1141.690080	0	39400	16	1
1148.308760	0	39432	16	1
1158.333990	0	39464	8	1
1158.713800	0	39512	24	1
1165.203980	0	39536	16	1
1165.468994	0	39552	8	1
1165.796880	0	39576	8	1
1167.146236	0	39016	40	0
1167.150050	0	39072	16	0
1167.155772	0	39112	24	0
1167.161494	0	39160	24	0
1167.165308	0	39192	16	0
1167.171030	0	39232	24	0
1168.808700	0	39600	16	1
1172.207738	0	39336	64	0
1176.340670	0	39616	8	1
1176.696180	0	39640	24	1
1182.522810	0	39664	40	1
1184.248650	0	39704	8	1
1188.061010	0	39728	8	1
1188.543060	0	39872	8	1
1188.675567	0	39864	8	1
1188.808074	0	39880	8	1
1189.030180	0	39976	8	1
1189.162687	0	39984	8	1
1189.644370	0	39992	16	1
1197.465140	0	40024	8	1
1200.334860	0	40048	8	1
1204.015570	0	40088	8	1
1204.214020	0	40096	104	1
1205.936614	0	40200	8	1
1208.284534	0	39416	16	0
1208.299792	0	39448	64	0
1208.305514	0	39552	24	0
1208.309328	0	39584	16	0
1208.315050	0	39616	24	0
1216.422430	0	40224	8	1
1216.624810	0	40232	24	1
1217.022332	0	40256	8	1
1219.684020	0	40264	16	1
1220.642840	0	40280	8	1
1224.485920	0	40376	16	1
1226.727260	0	40392	8	1
1231.236130	0	40400	8	1
1231.368637	0	40408	8	1
1231.585810	0	40432	16	1
1238.491860	0	40448	8	1
1248.751615	0	39704	128	0
1248.782130	0	39832	128	0
1248.785945	0	39960	16	0
1248.789759	0	40008	16	0
1248.793574	0	40032	16	0
1248.801202	0	40056	32	0
1248.805017	0	40208	16	0
1252.390130	0	40496	8	1
1252.723110	0	40520	16	1
1253.823885	0	40280	72	0
1267.320630	0	40552	8	1
1274.684800	0	40576	8	1
1282.476890	0	40608	16	1
1282.741904	0	40624	8	1
1289.474092	0	40352	24	0
1289.479813	0	40408	24	0
1289.495071	0	40456	64	0
1289.495071	0	40664	8	1
1294.515894	0	40536	16	0
1297.511870	0	40744	8	1
1297.644377	0	40752	8	1
1305.104640	0	40832	8	1
1312.591380	0	40880	8	1
1320.872350	0	40912	8	1
1328.925250	0	40984	8	1
1330.723240	0	40552	56	0
1330.751848	0	40624	120	0
1330.770920	0	40752	80	0
1335.842423	0	40832	48	0
1337.138190	0	41016	8	1
1337.270697	0	41024	8	1
1344.130690	0	41048	8	1
1351.901490	0	41080	8	1
1359.797530	0	41120	8	1
1359.930037	0	41128	8	1
1366.952590	0	41168	8	1
1371.991455	0	40880	128	0
1371.993362	0	41008	8	0
1371.999084	0	41024	24	0
1374.551790	0	41200	8	1
1377.029069	0	41048	32	0
1382.248650	0	41248	8	1
1389.173610	0	41288	8	1
1389.509540	0	41320	24	1
1396.927200	0	41344	8	1
1404.281270	0	41376	8	1
1411.848320	0	41408	8	1
1412.525456	0	41080	40	0
1412.555971	0	41128	128	0
1412.563600	0	41256	32	0
1419.419090	0	41440	8	1
1419.773980	0	41472	24	1
1427.117900	0	41496	8	1
1427.472810	0	41520	16	1
1441.627010	0	41552	8	1
1441.974520	0	41608	16	1
1449.996090	0	42112	8	1
1450.128597	0	42080	8	1
1450.261104	0	42064	16	1
1450.526119	0	42104	8	1
1450.851900	0	42312	16	1
1451.116914	0	42328	88	1
1452.443894	0	42432	8	1
1452.576401	0	42440	24	1
1453.032459	0	41288	32	0
1453.062974	0	41344	128	0
1453.149020	0	42480	8	1
1453.281527	0	42488	8	1
1460.724400	0	42496	8	1
1461.053070	0	42536	16	1
1463.278362	0	41496	24	0
1464.928940	0	42568	8	1
1465.061447	0	42584	8	1
1465.193954	0	42616	8	1
1465.326462	0	42624	8	1
1472.726220	0	42632	8	1
1472.969940	0	42688	8	1
1473.102447	0	42712	8	1
1473.475200	0	22288	32	1
1474.396090	0	22768	16	1
1481.569850	0	42744	8	1
1489.170430	0	42768	8	1
1497.342720	0	22600	8	1
1504.321405	0	41536	72	0
1504.351920	0	41624	128	0
1504.382435	0	41752	128	0
1504.412950	0	41880	128	0
1504.443466	0	42008	128	0
1504.473981	0	42136	128	0
1504.485424	0	42264	48	0
1504.489238	0	42416	16	0
1504.493053	0	42464	16	0
1504.502589	0	42496	40	0
1504.517846	0	42552	64	0
1504.544547	0	42632	112	0
1504.872040	0	22392	16	1
1511.941520	0	42840	8	1
1514.611642	0	42744	24	0
1520.053010	0	42944	8	1
1520.247040	0	42952	8	1
1526.702160	0	42960	8	1
1527.184060	0	42968	8	1
1527.487110	0	43016	16	1
1533.801210	0	43048	8	1
1536.609410	0	43072	8	1
1536.741917	0	43096	8	1
1543.631450	0	43128	8	1
1544.737920	0	43136	8	1
1545.153360	0	43144	8	1
1555.273045	0	42768	128	0
1555.284488	0	42896	48	0
1555.731820	0	43192	16	1
1556.473580	0	43208	16	1
1558.100140	0	43224	8	1
1558.459800	0	43360	8	1
1560.300493	0	42968	48	0
1561.500960	0	44112	8	1
1561.633467	0	44152	8	1
1561.765974	0	44160	8	1
1561.898482	0	44136	8	1
1562.030989	0	44200	8	1
1562.163496	0	44224	8	1
1562.296003	0	44664	8	1
1562.428510	0	44672	8	1
1562.813840	0	44680	24	1
1565.308377	0	43032	8	0
1565.644930	0	44704	16	1
1565.909944	0	44720	8	1
1569.273100	0	44744	8	1
1570.399347	0	43040	8	0
1572.851950	0	44776	8	1
1576.296070	0	44816	8	1
1576.913040	0	44920	8	1
1577.045547	0	44928	8	1
1577.178054	0	44936	8	1
1577.310562	0	44944	8	1
1577.922800	0	44952	24	1
1578.320322	0	44976	8	1
1578.452829	0	44984	40	1
1580.292900	0	45024	8	1
1580.635980	0	45048	16	1
1581.074500	0	45064	8	1
1581.394360	0	45088	16	1
1582.130660	0	45120	24	1
1585.444980	0	45168	24	1
1587.454770	0	45192	8	1
1587.755310	0	45224	8	1
1588.679830	0	45248	8	1
1590.888450	0	45328	8	1
1591.360700	0	45352	8	1
1591.704510	0	45376	24	1
1592.697110	0	45416	8	1
1593.006160	0	45440	8	1
1593.433290	0	45464	8	1
1594.998330	0	45488	8	1
1597.198360	0	45512	16	1
1599.541280	0	45544	8	1
1600.182680	0	45568	16	1
1603.733510	0	45600	8	1
1605.474400	0	45728	8	1
1605.619140	0	45736	8	1
1606.395630	0	45760	8	1
1606.649420	0	45768	96	1
1608.256671	0	43056	72	0
1608.268114	0	43144	48	0
1608.298630	0	43224	128	0
1608.300537	0	43352	8	0
1608.331052	0	43368	128	0
1608.361567	0	43496	128	0
1608.392082	0	43624	128	0
1608.422598	0	43752	128	0
1608.453113	0	43880	128	0
1608.483628	0	44008	128	0
1608.514143	0	44136	128	0
1608.544658	0	44264	128	0
1608.575174	0	44392	128	0
1608.605689	0	44520	128	0
1608.609503	0	44648	16	0
1608.640018	0	44728	128	0
1608.655276	0	44856	64	0
1610.704190	0	45864	8	1
1611.048450	0	45896	16	1
1613.665882	0	45024	24	0
1613.669696	0	45072	16	0
1613.673510	0	45104	16	0
1613.679232	0	45144	24	0
1616.311100	0	45928	8	1
1616.443607	0	45936	8	1
1616.775790	0	45968	40	1
1617.438326	0	46008	128	1
1619.566070	0	45192	32	0
1619.569884	0	45232	16	0
1619.571792	0	45256	8	0
1619.558441	0	46136	32	1
1620.088470	0	46168	8	1
1620.220977	0	46176	8	1
1620.353484	0	46208	8	1
1620.485992	0	46216	8	1
1621.156570	0	46224	8	1
1624.574210	0	46264	8	1
1627.821900	0	46296	8	1
1630.959140	0	46328	8	1
1634.273010	0	46352	8	1
1634.613580	0	46384	8	1
1637.560020	0	46408	16	1
1643.854910	0	46440	16	1
1645.000190	0	46456	8	1
1645.132697	0	46464	24	1
1645.530219	0	46488	16	1
1645.795233	0	46504	8	1
1649.600570	0	46576	8	1
1649.895970	0	46600	16	1
1652.822550	0	46616	8	1
1653.273350	0	46648	8	1
1656.878430	0	46672	16	1
1659.881826	0	16792	40	0
1659.897084	0	45264	64	0
1659.900898	0	45336	16	0
1659.904712	0	45360	16	0
1659.914248	0	45400	40	0
1659.918063	0	45448	16	0
1659.921877	0	45472	16	0
1659.925692	0	45496	16	0
1659.929506	0	45528	16	0
1659.933320	0	45552	16	0
1659.937135	0	45584	16	0
1659.965743	0	45608	120	0
1659.969557	0	45744	16	0
1659.977186	0	45864	32	0
1659.981000	0	45912	16	0
1659.988629	0	45936	32	0
1659.996258	0	46176	32	0
1660.021052	0	46224	104	0
1660.235970	0	46688	8	1
1661.653180	0	46696	8	1
1661.797110	0	46704	8	1
1664.224990	0	46736	8	1
1664.510040	0	46760	16	1
1665.023797	0	46360	8	0
1665.025704	0	46376	8	0
1670.032822	0	46328	24	0
1670.034729	0	46368	8	0
1670.038543	0	46392	16	0
1670.042358	0	46424	16	0
1670.382660	0	46800	8	1
1670.515167	0	46808	8	1
1670.672110	0	46848	8	1
1680.740440	0	46888	16	1
1681.005454	0	46904	8	1
1684.570150	0	46944	8	1
1684.702657	0	46952	8	1
1689.549050	0	46984	8	1
1693.724150	0	47032	8	1
1694.375310	0	47264	8	1
1694.507817	0	47272	8	1
1694.640324	0	47296	8	1
1694.772832	0	47256	8	1
1695.076450	0	47512	24	1
1695.473972	0	47536	32	1
1696.004000	0	47568	8	1
1696.136508	0	47616	8	1
1698.273580	0	47624	8	1
1698.548270	0	47656	8	1
1698.680777	0	47664	16	1
1702.689850	0	47680	8	1
1703.018090	0	47704	24	1
1706.379530	0	47744	16	1
1709.649570	0	47776	8	1
1710.629687	0	46568	8	0
1710.631594	0	46592	8	0
1710.633502	0	46640	8	0
1710.635409	0	46664	8	0
1710.637316	0	46728	8	0
1710.639223	0	46752	8	0
1710.641130	0	46792	8	0
1710.643038	0	46840	8	0
1710.644945	0	46864	8	0
1710.646852	0	46880	8	0
1712.135500	0	47800	16	1
1715.654202	0	16792	24	0
1715.669459	0	46504	64	0
1715.673274	0	46576	16	0
1715.677088	0	46624	16	0
1715.678995	0	46656	8	0
1715.684717	0	46704	24	0
1715.688531	0	46736	16	0
1715.692346	0	46776	16	0
1715.699974	0	46808	32	0
1715.701882	0	46856	8	0
1715.703789	0	46872	8	0
1715.713325	0	46904	40	0
1715.720954	0	46952	32	0
1716.318930	0	47832	16	1
1719.595060	0	47864	16	1
1719.860074	0	47880	8	1
1719.992582	0	47912	8	1
1720.125089	0	47920	8	1
1720.347110	0	47928	24	1
1720.756075	0	46984	48	0
1727.828340	0	47976	8	1
1730.427280	0	48000	16	1
1732.983820	0	48032	8	1
1733.242500	0	48048	8	1
1733.848840	0	48072	8	1
1735.130410	0	48128	8	1
1736.185650	0	52072	8	1
1736.318157	0	52120	8	1
1736.450664	0	50912	8	1
1736.583172	0	50856	8	1
1736.715679	0	50832	8	1
1736.848186	0	51264	8	1
1736.980693	0	51184	8	1
1737.113200	0	51288	8	1
1740.809860	0	59384	8	1
1740.942367	0	59432	8	1
1741.074874	0	57200	8	1
1741.207382	0	57144	8	1
1741.339889	0	57120	8	1
1741.472396	0	57552	8	1
1741.604903	0	57472	8	1
1741.737410	0	57576	8	1
1745.672020	0	66696	8	1
1745.804527	0	66744	8	1
1745.937034	0	64512	8	1
1746.069542	0	64456	8	1
1746.202049	0	64432	8	1
1746.334556	0	64864	8	1
1746.467063	0	64784	8	1
1746.599570	0	64888	8	1
1750.527280	0	74008	8	1
1750.659787	0	74056	8	1
1750.792294	0	71824	8	1
1750.924802	0	71768	8	1
1751.057309	0	71744	8	1
1751.189816	0	72176	8	1
1751.322323	0	72096	8	1
1751.454830	0	72200	8	1
1761.406324	0	16792	16	0
1761.419675	0	47032	56	0
1761.421582	0	47504	8	0
1761.423489	0	47648	8	0
1761.429211	0	47680	24	0
1761.433025	0	47728	16	0
1761.436840	0	47760	16	0
1761.440654	0	47784	16	0
1761.444468	0	47816	16	0
1761.448283	0	47848	16	0
1761.450190	0	47904	8	0
1761.455912	0	47952	24	0
1761.459726	0	47984	16	0
1761.719380	0	76352	8	1
1761.938780	0	76360	32	1
1762.468809	0	76432	64	1
1763.528866	0	76496	80	1
1764.853938	0	76680	8	1
1764.986446	0	76728	8	1
1766.497004	0	50832	16	0
1766.500819	0	50856	16	0
1766.514169	0	50912	56	0
1766.516076	0	51184	8	0
1766.519891	0	51264	16	0
1766.521798	0	51312	8	0
1766.540870	0	51848	80	0
1766.542777	0	52072	8	0
1766.546592	0	52120	16	0
1766.548499	0	52144	8	0
1771.595625	0	56672	128	0
1771.626140	0	56800	128	0
1771.656656	0	56928	128	0
1771.668099	0	57056	48	0
1771.698614	0	57120	128	0
1771.729129	0	57248	128	0
1771.759644	0	57376	128	0
1771.784438	0	57504	104	0
1771.814953	0	58632	128	0
1771.845468	0	58760	128	0
1771.875984	0	58888	128	0
1771.906499	0	59016	128	0
1771.908406	0	59144	8	0
1771.938921	0	59160	128	0
1771.969436	0	59288	128	0
1771.999952	0	59416	128	0
1772.030467	0	59544	128	0
1772.038096	0	59672	32	0
1777.098745	0	47088	128	0
1777.129260	0	47216	128	0
1777.159776	0	47344	128	0
1777.167404	0	47472	32	0
1777.178848	0	47568	48	0
1777.184569	0	47624	24	0
1777.194105	0	47864	40	0
1777.224620	0	64856	128	0
1777.255136	0	64984	128	0
1777.285651	0	65112	128	0
1777.316166	0	65240	128	0
1777.346681	0	65368	128	0
1777.377196	0	65496	128	0
1777.407712	0	65624	128	0
1777.438227	0	65752	128	0
1777.468742	0	65880	128	0
1777.499257	0	66008	128	0
1777.529772	0	66136	128	0
1777.560288	0	66264	128	0
1777.590803	0	66392	128	0
1777.621318	0	66520	128	0
1777.651833	0	66648	128	0
1777.682348	0	66776	128	0
1777.712864	0	66904	128	0
1777.743379	0	67032	128	0
1777.773894	0	67160	128	0
1777.804409	0	67288	128	0
1777.834924	0	67416	128	0
1777.865440	0	67544	128	0
1777.895955	0	67672	128	0
1777.926470	0	67800	128	0
1777.947449	0	67928	88	0
1783.000222	0	48104	24	0
1783.030737	0	68016	128	0
1783.061252	0	68144	128	0
1783.091767	0	68272	128	0
1783.122282	0	68400	128	0
1783.152798	0	68528	128	0
1783.183313	0	68656	128	0
1783.213828	0	68784	128	0
1783.244343	0	68912	128	0
1783.274858	0	69040	128	0
1783.305374	0	69168	128	0
1783.335889	0	69296	128	0
1783.366404	0	69424	128	0
1783.396919	0	69552	128	0
1783.427434	0	69680	128	0
1783.457950	0	69808	128	0
1783.488465	0	69936	128	0
1783.518980	0	70064	128	0
1783.549495	0	70192	128	0
1783.580010	0	70320	128	0
1783.610526	0	70448	128	0
1783.641041	0	70576	128	0
1783.671556	0	70704	128	0
1783.702071	0	70832	128	0
1783.732586	0	70960	128	0
1783.763102	0	71088	128	0
1783.793617	0	71216	128	0
1783.824132	0	71344	128	0
1783.854647	0	71472	128	0
1783.885162	0	74104	128	0
1783.915678	0	74232	128	0
1783.946193	0	74360	128	0
1783.976708	0	74488	128	0
1784.007223	0	74616	128	0
1784.037738	0	74744	128	0
1784.068254	0	74872	128	0
1784.098769	0	75000	128	0
1784.129284	0	75128	128	0
1784.146449	0	75256	72	0
1789.191215	0	71600	128	0
1789.221730	0	71728	128	0
1789.252246	0	71856	128	0
1789.282761	0	71984	128	0
1789.313276	0	72112	128	0
1789.343791	0	72240	128	0
1789.374306	0	72368	128	0
1789.404822	0	72496	128	0
1789.435337	0	72624	128	0
1789.465852	0	72752	128	0
1789.496367	0	72880	128	0
1789.526882	0	73008	128	0
1789.557398	0	73136	128	0
1789.587913	0	73264	128	0
1789.618428	0	73392	128	0
1789.648943	0	73520	128	0
1789.679458	0	73648	128	0
1789.709974	0	73776	128	0
1789.740489	0	73904	128	0
1789.753839	0	74032	56	0
1800.038175	0	75328	128	0
1800.068690	0	75456	128	0
1800.099206	0	75584	128	0
1800.129721	0	75712	128	0
1800.160236	0	75840	128	0
1800.190751	0	75968	128	0
1800.221266	0	76096	128	0
1800.251782	0	76224	128	0
1800.261318	0	76392	40	0
1800.291833	0	76576	128	0
1800.297554	0	76704	24	0
1805.428004	0	74088	16	0
1810.576304	0	57104	16	0
1810.606820	0	57608	128	0
1810.637335	0	57736	128	0
1810.667850	0	57864	128	0
1810.698365	0	57992	128	0
1810.728880	0	58120	128	0
1810.759396	0	58248	128	0
1810.789911	0	58376	128	0
1810.820426	0	58504	128	0
1810.822333	0	59152	8	0
1810.852848	0	59704	128	0
1810.883364	0	59832	128	0
1810.913879	0	59960	128	0
1810.944394	0	60088	128	0
1810.974909	0	60216	128	0
1811.005424	0	60344	128	0
1811.035940	0	60472	128	0
1811.066455	0	60600	128	0
1811.096970	0	60728	128	0
1811.127485	0	60856	128	0
1811.158000	0	60984	128	0
1811.188516	0	61112	128	0
1811.219031	0	61240	128	0
1811.249546	0	61368	128	0
1811.280061	0	61496	128	0
1811.310576	0	61624	128	0
1811.341092	0	61752	128	0
1811.371607	0	61880	128	0
1811.402122	0	62008	128	0
1811.432637	0	62136	128	0
1811.463152	0	62264	128	0
1811.493668	0	62392	128	0
1811.524183	0	62520	128	0
1811.554698	0	62648	128	0
1811.585213	0	62776	128	0
1811.615728	0	62904	128	0
1811.646244	0	63032	128	0
1811.676759	0	63160	128	0
1811.707274	0	63288	128	0
1811.737789	0	63416	128	0
1811.768304	0	63544	128	0
1811.798820	0	63672	128	0
1811.829335	0	63800	128	0
1811.859850	0	63928	128	0
1811.890365	0	64056	128	0
1811.920880	0	64184	128	0
1811.951396	0	64312	128	0
1811.981911	0	64440	128	0
1812.012426	0	64568	128	0
1812.042941	0	64696	128	0
1812.050570	0	64824	32	0
1817.114105	0	48536	128	0
1817.144620	0	48664	128	0
1817.175136	0	48792	128	0
1817.205651	0	48920	128	0
1817.236166	0	49048	128	0
1817.266681	0	49176	128	0
1817.297196	0	49304	128	0
1817.327712	0	49432	128	0
1817.358227	0	49560	128	0
1817.388742	0	49688	128	0
1817.419257	0	49816	128	0
1817.449772	0	49944	128	0
1817.480288	0	50072	128	0
1817.510803	0	50200	128	0
1817.541318	0	50328	128	0
1817.571833	0	50456	128	0
1817.602348	0	50584	128	0
1817.630956	0	50712	120	0
1817.632864	0	50848	8	0
1817.642400	0	50872	40	0
1817.672915	0	50968	128	0
1817.693894	0	51096	88	0
1817.711059	0	51192	72	0
1817.718688	0	51280	32	0
1817.749203	0	51320	128	0
1817.779718	0	51448	128	0
1817.810233	0	51576	128	0
1817.840748	0	51704	128	0
1817.844563	0	51832	16	0
1817.875078	0	51928	128	0
1817.878892	0	52056	16	0
1817.888428	0	52080	40	0
1817.890336	0	52136	8	0
1817.920851	0	52152	128	0
1817.951366	0	52280	128	0
1817.981881	0	52408	128	0
1818.012396	0	52536	128	0
1818.042912	0	52664	128	0
1818.073427	0	52792	128	0
1818.103942	0	52920	128	0
1818.134457	0	53048	128	0
1818.164972	0	53176	128	0
1818.195488	0	53304	128	0
1818.226003	0	53432	128	0
1818.256518	0	53560	128	0
1818.287033	0	53688	128	0
1818.317548	0	53816	128	0
1818.348064	0	53944	128	0
1818.378579	0	54072	128	0
1818.409094	0	54200	128	0
1818.439609	0	54328	128	0
1818.470124	0	54456	128	0
1818.500640	0	54584	128	0
1818.531155	0	54712	128	0
1818.561670	0	54840	128	0
1818.592185	0	54968	128	0
1818.622700	0	55096	128	0
1818.653216	0	55224	128	0
1818.683731	0	55352	128	0
1818.714246	0	55480	128	0
1818.744761	0	55608	128	0
1818.775276	0	55736	128	0
1818.805792	0	55864	128	0
1818.836307	0	55992	128	0
1818.866822	0	56120	128	0
1818.897337	0	56248	128	0
1818.927852	0	56376	128	0
1818.958368	0	56504	128	0
1818.967904	0	56632	40	0
1824.102994	0	48016	16	0
1824.104902	0	48040	8	0
1824.108716	0	48056	16	0
1824.114438	0	48080	24	0
1824.144953	0	48136	128	0
1824.175468	0	48264	128	0
1824.205983	0	48392	128	0
1824.209798	0	48520	16	0
1841.186820	0	81464	8	1
1847.807290	0	88360	8	1
1848.200620	0	88368	24	1
1851.689090	0	88392	16	1
1852.984650	0	88408	80	1
