0
8
16
24
32
40
48
56
64
72
80
88
96
104
112
120
128
136
144
152
160
168
176
184
192
200
208
216
224
232
240
248
256
264
272
280
288
296
304
312
320
328
336
344
352
360
368
376
384
392
400
408
416
424
432
440
448
456
464
472
480
488
496
504
512
520
528
536
544
552
560
568
576
584
592
600
608
616
624
632
640
648
656
664
672
680
688
696
704
712
720
728
736
744
752
760
768
776
784
792
800
808
816
824
832
840
848
856
864
872
880
888
896
904
912
920
928
936
944
952
960
968
976
984
992
1000
1008
1016
1024
1032
1040
1048
1056
1064
1072
1080
1088
1096
1104
1112
1120
1128
1136
1144
1152
1160
1168
1176
1184
1192
1200
1208
1216
1224
1232
1240
1248
1256
1264
1272
1280
1288
1296
1304
1312
1320
1328
1336
1344
1352
1360
1368
1376
1384
1392
1400
1408
1416
1424
1432
1440
1448
1456
1464
1472
1480
1488
1496
1504
1512
1520
1528
1536
1544
1552
1560
1568
1576
1584
1592
1600
1608
1616
1624
1632
1640
1648
1656
1664
1672
1680
1688
1696
1704
1712
1720
1728
1736
1744
1752
1760
1768
1776
1784
1792
1800
1808
1816
1824
1832
1840
1848
1856
1864
1872
1880
1888
1896
1904
1912
1920
1928
1936
1944
1952
1960
1968
1976
1984
1992
2000
2008
2016
2024
2032
2040
2048
2056
2064
2072
2080
2088
2096
2104
2112
2120
2128
2136
2144
2152
2160
2168
2176
2184
2192
2200
2208
2216
2224
2232
2240
2248
2256
2264
2272
2280
2288
2296
2304
2312
2320
2328
2336
2344
2352
2360
2368
2376
2384
2392
2400
2408
2416
2424
2432
2440
2448
2456
2464
2472
2480
2488
2496
2504
2512
2520
2528
2536
2544
2552
2560
2568
2576
2584
2592
2600
2608
2616
2624
2632
2640
2648
2656
2664
2672
2680
2688
2696
2704
2712
2720
2728
2736
2744
2752
2760
2768
2776
2784
2792
2800
2808
2816
2824
2832
2840
2848
2856
2864
2872
2880
2888
2896
2904
2912
2920
2928
2936
2944
2952
2960
2968
2976
2984
2992
3000
3008
3016
3024
3032
3040
3048
3056
3064
3072
3080
3088
3096
3104
3112
3120
3128
3136
3144
3152
3160
3168
3176
3184
3192
3200
3208
3216
3224
3232
3240
3248
3256
3264
3272
3280
3288
3296
3304
3312
3320
3328
3336
3344
3352
3360
3368
3376
3384
3392
3400
3408
3416
3424
3432
3440
3448
3456
3464
3472
3480
3488
3496
3504
3512
3520
3528
3536
3544
3552
3560
3568
3576
3584
3592
3600
3608
3616
3624
3632
3640
3648
3656
3664
3672
3680
3688
3704
3720
3728
3744
3752
3760
3776
3784
3792
3800
3808
3816
3824
3832
3848
3856
3696
3704
3712
3728
3736
3768
3840
3864
3872
3880
3888
3896
3904
3912
3920
3928
3936
3944
3952
3960
3968
3976
3984
3992
4000
4008
4016
4024
4032
4040
4048
4056
4064
4072
4080
4088
4096
4112
4168
4176
4184
4192
4200
4208
4216
4120
4128
4136
4152
4160
4104
4112
4144
4224
4232
4240
4248
4256
4264
4280
4312
4304
4296
4280
4272
4288
4328
4320
4336
4344
4352
4360
4368
4376
4392
4424
4432
4440
4448
4456
4464
4472
4480
4488
4496
4504
4512
4520
4528
4536
4544
4552
4560
4568
4576
4584
4592
4600
4608
4616
4624
4632
4640
4648
4656
4664
4672
4680
4688
4696
4704
4712
4720
4728
4736
4744
4752
4760
4768
4776
4784
4792
4800
4808
4816
4824
4832
4840
4848
4856
4864
4872
4880
4888
4896
4904
4912
4920
4928
4936
4944
4952
4960
4968
4976
4984
4992
5000
5008
5016
5024
5032
5040
5048
5056
5064
5072
5080
5088
5096
5104
5112
5120
5128
5136
5144
5152
5160
5168
5176
5184
5192
5200
5208
5216
5224
5232
5240
5248
5256
5264
5272
5280
5288
5296
5304
5312
5320
5328
5336
5344
5352
5360
5368
5376
5384
5392
5400
5408
5416
5424
5432
5440
5448
5456
5464
5472
5480
5488
5496
5504
5512
5520
5528
5536
5544
5552
5560
5568
5576
5584
5592
5600
5608
5616
5624
5632
5640
5648
5656
5664
5672
5680
5688
5696
5704
5712
5720
5728
5736
4408
4392
4400
4384
4416
5744
5752
5760
5768
5776
5784
5792
5800
5808
5816
5824
5832
5840
5848
5856
5864
5872
5880
5888
5896
5904
5912
5920
5928
5936
5944
5952
5960
5968
5976
5984
5992
6000
6008
6016
6024
6032
6040
6048
6056
6064
6072
6080
6088
6096
6104
6112
6120
6128
6136
6144
6152
6160
6168
6176
6184
6192
6200
6208
6216
6224
6232
6240
6248
6256
6264
6272
6280
6288
6296
6304
6312
6320
6328
6336
6344
6352
6360
6368
6376
6384
6392
6400
6408
6416
6424
6432
6440
6448
6456
6464
6472
6480
6488
6496
6504
6512
6520
6528
6536
6544
6552
6560
6568
6576
6584
6592
6600
6608
6616
6632
6648
6656
6664
6672
6680
6688
6696
6704
6712
6720
6640
6632
6624
6744
6736
6728
6760
6784
6776
6752
6760
6768
6808
6800
6792
6832
6824
6816
6840
6856
6880
6872
6856
6848
6864
6888
6904
6936
6928
6896
6912
6904
6920
6960
6984
6992
6952
6944
7000
6968
6976
7032
7040
7048
7016
7008
7024
7080
7088
7064
7056
7072
7104
7096
7112
7120
7128
7144
7184
7192
7200
7152
7168
7144
7160
7136
7176
7232
7240
7264
7216
7208
7224
7272
7256
7248
7288
7296
7288
7280
7312
7336
7328
7304
7312
7320
7344
7352
7376
7384
7392
7368
7376
7360
7400
7408
7416
7432
7464
7472
7480
7456
7448
7432
7424
7440
7496
7512
7520
7504
7496
7488
7544
7552
7560
7568
7576
7600
7608
7616
7536
7528
7584
7592
7624
7632
7640
7648
7672
7680
7664
7656
7712
7704
7688
7696
7728
7720
7736
7744
7752
7760
7768
7776
7784
7792
7800
7808
7816
7824
7896
7976
7984
7992
7840
7848
7856
7864
7872
7880
7904
7912
7888
7928
7936
7944
7952
7960
7832
7896
7920
7968
8000
8024
8032
8040
8008
8016
8064
8072
8048
8056
8096
8120
8136
8144
8152
8160
8168
8176
8200
8208
8600
8608
8632
8640
8648
8104
8656
8664
8672
8680
8688
8696
8704
8712
8720
8728
8736
8744
8112
8120
8176
8304
8168
8240
8136
8208
8360
8200
8160
8144
8152
8384
8368
8376
8352
8344
8336
8328
8320
8312
8296
8288
8280
8272
8264
8256
8248
8232
8224
8216
8192
8184
8128
8592
8584
8576
8568
8560
8552
8544
8536
8528
8520
8512
8504
8496
8488
8480
8472
8464
8456
8448
8440
8432
8424
8416
8408
8400
8392
8752
8792
8800
8808
8816
8824
8832
8840
8848
8616
8624
8784
8776
8760
8768
8864
8904
8912
8872
8888
8856
8864
8880
8896
8928
8944
8952
8920
8928
8936
8976
8984
8992
8960
8968
9016
9024
9032
9000
9008
9040
9048
9056
9064
9088
9096
9104
9112
9120
9128
9136
9144
9152
9160
9168
9080
9184
9192
9200
9208
9072
9088
9176
9216
9232
9280
9288
9296
9304
9424
9472
9480
9488
9496
9504
9528
9536
9544
9552
9560
9568
9576
9584
9592
9600
9608
9616
9624
9632
9640
9648
9656
9664
9672
9680
9688
9696
9704
9712
9720
9728
9736
9744
9752
9760
9768
9776
9784
9792
9800
9808
9816
9824
9832
9840
9848
9856
9864
9872
9880
9888
9248
9240
9264
9320
9344
9352
9360
9368
9376
9384
9392
9304
9280
9312
9288
9296
9336
9400
9408
9416
9432
9440
9448
9456
9328
9256
9272
9424
9464
9512
9520
9896
9904
9912
9920
9928
9936
9944
9952
9960
9976
9992
10000
9976
9968
9984
10008
10016
10024
10032
10040
10056
10128
10064
10072
10080
10096
10048
10056
10088
10104
10136
10120
10128
10112
10144
10160
10176
10184
10192
10160
10152
10168
10208
10200
10208
10216
10232
10248
10256
10232
10224
10240
10264
10280
10272
10288
10312
10320
10304
10312
10328
10296
10336
10344
10368
10392
10400
10408
10416
10424
10432
10448
10376
10360
10368
10352
10384
10464
10480
10504
10512
10520
10528
10536
10544
10552
10440
10448
10456
10560
10568
10576
10584
10592
10600
10608
10616
10624
10632
10640
10648
10656
10664
10672
10680
10688
10696
10704
10712
10720
10728
10736
10744
10752
10760
10768
10776
10784
10792
10800
10488
10480
10472
10496
10808
10816
10856
10864
10872
10880
10888
10896
10904
10912
10920
10928
10936
10944
10952
10960
10968
10976
10984
10992
11000
11008
11016
11024
11032
11040
11048
11056
11064
11072
11080
11088
11096
11104
11112
11120
11128
11136
11144
11152
11176
11184
11192
11200
10824
10832
10840
10848
11176
11160
11184
11168
11208
11216
11224
11232
11256
11336
11344
11328
11304
11256
11240
11320
11312
11248
11296
11288
11280
11272
11264
11360
11376
11384
11392
11400
11408
11416
11424
11432
11368
11360
11352
11456
11464
11472
11480
11488
11496
11504
11512
11520
11528
11536
11544
11448
11560
11440
11456
11552
11568
11576
11584
11600
11624
11632
11640
11656
11592
11600
11608
11616
11656
11648
11664
11680
11704
11712
11720
11672
11680
11688
11696
11728
11736
11752
11744
11752
11760
11776
11816
11824
11832
12232
12312
12320
12328
12336
12360
12368
12376
12384
12392
12400
12408
12416
12424
11792
12448
12456
12464
12472
11840
11800
11808
11880
11832
11824
11888
11816
11872
11864
11856
11848
12496
12504
12512
12520
12528
12536
12544
12552
12560
12568
11912
11920
11928
11936
11944
11904
11952
11968
11976
11984
11992
12008
12016
12024
12032
12040
12048
12056
12064
12072
12080
12088
12096
12112
12120
12128
11960
12104
12160
12176
12144
12000
12136
12168
12152
12184
12192
12200
12208
12216
12224
12240
12248
12256
12264
12272
12280
12288
12296
11896
12232
12304
12344
12352
12432
12440
12480
12488
12576
12584
12592
12600
12608
12616
12624
12632
12640
12648
12656
12672
12664
12672
12680
12688
12696
12712
12736
12704
12720
12712
12728
12744
12752
12760
12768
12792
12800
12784
12792
12776
12808
12824
12816
12832
12840
12856
12872
12856
12864
12848
12880
12888
12904
12912
12896
12904
12920
12952
12960
12968
12936
12928
12944
12976
12992
12984
13000
13016
13024
13032
13048
13016
13040
13008
13056
13064
13072
13080
13096
13104
13120
13088
13096
13112
13128
13136
13144
13152
13168
13192
13160
13176
13168
13184
13200
13208
13216
13232
13264
13240
13248
13232
13224
13256
13272
13280
13288
13296
13312
13320
13328
13312
13304
13336
13344
13368
13376
13360
13368
13352
13384
13392
13416
13440
13448
13456
13432
13400
13416
13408
13424
13464
13480
13488
13480
13472
13496
13504
13520
13552
13560
13528
13512
13520
13536
13544
13568
13600
13608
13592
13576
13584
13616
13624
13664
13672
13680
13704
14032
14040
14064
14072
13640
13728
13744
13752
13768
13792
13800
13720
13808
13848
13864
13872
13880
13896
13904
13912
13920
13928
13824
13840
13680
13736
13784
13832
13888
13704
13664
13672
13776
13856
13656
13760
13816
13688
13936
13944
13952
13960
13968
13976
13984
13992
14000
14008
14016
13712
13648
13696
14024
14048
14056
14080
14088
14112
14136
14144
14120
14104
14112
14096
14128
14152
14160
14184
14192
14176
14200
14184
14168
14208
14232
14240
14248
14256
14224
14272
14280
14232
14264
14216
14288
14312
14376
14384
14392
14352
14312
14296
14360
14304
14344
14336
14328
14320
14368
14408
14408
14400
14416
14432
14464
14448
14432
14440
14424
14456
14472
14480
14488
14504
14512
14520
14536
14504
14528
14496
14544
14560
14568
14576
14552
14560
14584
14592
14608
14600
14608
14616
14624
14648
14680
14656
14640
14664
14648
14632
14672
14688
14696
14720
14784
14928
14976
14992
15008
15040
15072
15112
15120
15512
15520
15528
15536
15544
15552
15560
15584
15592
15600
15608
15616
15624
15632
15640
15648
15656
15664
15672
15680
15688
15696
15704
15712
15720
15728
15736
15744
15752
15760
15768
15776
15784
15792
15800
15808
15816
15824
15832
15840
15848
15856
15864
15872
15880
15888
15896
15904
15912
15920
15928
15936
15944
15952
15960
15968
15976
15984
15992
16000
16008
16016
16024
16032
16040
16048
16056
16064
16072
16080
16088
16096
16104
16112
16120
16128
16136
16144
16152
16160
16168
16176
16184
16192
16200
16208
16216
16224
16232
16240
16248
16256
16264
16272
14744
14712
14760
14768
14792
14800
14808
14816
14824
14832
14840
14848
14856
14864
14872
14880
14888
14896
14904
14912
14936
14944
14952
14960
15016
15024
15048
15056
14920
15080
15000
15088
15128
15136
15144
15152
14984
15160
15168
15176
15184
15192
15200
15208
15216
15224
15232
15248
15256
15264
15272
15104
14728
15280
15288
14928
15008
15040
14992
14968
14976
15032
15096
15240
15112
15120
15064
14776
15296
15304
15312
15320
15328
15336
15344
15352
15360
15368
15376
15384
15392
15400
15408
15416
15424
15432
15440
15448
15456
15464
15472
15480
15488
15496
14752
14784
15072
15504
16280
16288
16296
16304
16312
16320
16328
16336
16344
16352
16360
16368
16376
16384
16392
16400
16408
16416
16424
16432
16440
16448
16456
16464
16472
16480
16488
16496
16504
16512
16520
16528
16568
16576
16584
15576
16592
16544
16552
16560
16600
16608
16616
16624
16632
16640
16648
16656
16664
16672
16680
16688
16696
16704
16712
16720
16728
16736
16744
16752
16760
16768
16776
16784
16792
16800
16808
16816
16824
16832
16840
16848
16856
16864
16872
16880
16888
16896
16904
16912
16920
16928
16936
16944
16952
16960
16968
16976
16984
16992
17000
17008
17016
17024
17032
17040
17048
17056
17064
17072
17080
17088
17096
17104
17112
17120
17128
17136
17144
17152
17160
17168
17192
17320
17376
17440
17448
17456
17464
17472
17496
17504
17512
17520
17528
17536
17544
17552
17560
17568
17264
17256
17248
17240
17232
17224
17216
17208
17200
17288
17280
17184
17608
17632
17640
17648
17656
17664
17672
17680
17688
17696
17704
17712
17720
17728
17736
17744
17752
17760
17768
17776
17784
17792
17800
17808
17816
17824
17832
17840
17848
17856
17864
17872
17880
17888
17896
17904
17912
17920
17928
17936
17944
17952
17960
17968
17976
17984
17992
18000
18008
18016
18024
18032
18040
17296
17328
17336
17344
17352
17360
17384
17392
17368
17376
17312
17408
17416
17424
17304
17320
17400
17432
17488
18064
17584
18072
18096
18104
18112
18120
18128
18136
18144
18152
18176
18184
18192
18200
18208
17592
17600
17616
17624
18048
18056
18232
18240
18248
18256
18264
18272
18280
18288
18296
18304
18312
18320
18328
18352
18360
18368
18376
18080
18088
18160
18168
18216
18224
18400
18408
18336
18344
18384
18392
18432
18448
18416
18424
18480
18456
18464
18448
18440
18472
18488
18496
18504
18512
18520
18528
18536
18544
18552
18560
18568
18576
18584
18592
18608
18624
18632
18600
18608
18616
18656
18648
18640
18688
18696
18736
18744
18752
18760
18768
18792
18800
18808
18816
18840
18848
18856
18672
18664
18704
18696
18720
18680
18688
18712
18728
18776
18784
18824
18832
18880
18928
18912
18880
18864
18920
18872
18904
18896
18888
18944
18968
18992
18952
18944
18936
18960
10824
10832
10856
19032
19048
19056
19072
19088
19104
19120
19128
19144
19160
19176
19192
19208
19224
19240
19248
19264
19280
19296
19312
19328
19344
19360
19376
19392
19408
19424
19440
19464
19480
19488
19504
19520
19536
19560
19576
19600
19624
19632
19648
19672
19696
19712
19728
19744
19752
19760
19776
19792
19808
19824
19848
18976
18984
19016
19000
19008
19528
19512
19496
19472
19456
19448
19432
19416
19400
19384
19368
19352
19336
19320
19304
19288
19272
19256
19232
19216
19200
19184
19168
19152
19136
19112
19096
19080
19064
19040
19024
20088
20696
19544
19552
19568
19584
19592
19608
19616
19640
19656
19664
19680
19688
19704
19720
19736
19768
19784
19800
19816
19832
19840
19864
19872
19880
19888
19896
19904
19912
19920
19928
19936
19944
19952
19960
19968
19976
19984
19992
20000
20008
20016
20024
20032
20040
20048
20056
20064
20072
20096
20104
20112
20120
20128
20136
20144
20152
20160
20168
20176
20184
20192
20200
20208
20216
20224
20232
20240
20248
20256
20264
20272
20280
20288
20296
20304
20312
20320
20328
20336
20344
20352
20360
20368
20376
20384
20080
20400
20408
20416
20424
20432
20440
20448
20456
20464
20472
20480
20488
20496
20504
20512
20520
20528
20536
20544
20552
20560
20568
20576
20584
20592
20600
20608
20616
20624
20632
20640
20648
20656
20664
20672
20680
19856
20088
20392
20688
20728
20752
20760
20704
20712
20736
20728
20720
20744
20816
20848
21720
21728
20776
20768
20792
20800
20840
20816
20824
20808
20784
20832
21712
20856
21704
21696
21688
21680
21672
21664
21656
21648
21640
21632
21624
21616
21608
21600
21592
21584
21576
21568
21560
21552
21544
21536
21528
21520
21512
21504
21496
21488
21480
21472
21464
21456
21448
21440
21432
21424
21416
21408
21400
21392
21384
21376
21368
21360
21056
21352
20848
21344
21336
21328
21320
21312
21304
21296
21288
21280
21272
21264
21256
21248
21240
21232
21224
21216
21208
21200
21192
21184
21176
21168
21160
21152
21144
21136
21128
21120
21112
21104
21096
21088
21080
21072
21064
21048
21040
21032
21024
21016
21008
21000
20992
20984
20976
20968
20960
20952
20944
20936
20928
20920
20912
20904
20896
20888
20880
20872
20864
21800
3728
21808
21752
21760
21768
21744
21784
21736
21776
21792
21824
21816
21840
21888
21912
21920
21968
22072
22096
22104
22112
22120
22128
22136
22144
22152
22160
22200
22208
22216
22224
22232
22240
22248
22256
22264
22272
22280
22288
22296
22304
22312
22320
22328
22336
22344
22368
22376
22384
22392
22400
22408
22416
22424
22432
22440
22448
22456
22464
22472
22480
22488
22496
22504
22512
22520
22528
22536
22544
22552
22560
22568
22576
22584
21872
21864
21848
21952
21960
21976
21896
21904
21944
21920
21992
22000
22008
21928
21936
22016
22024
22032
22048
22056
22064
22080
21984
22040
22072
22088
22168
22592
22192
22184
22176
22352
22360
22624
22648
22680
22600
22608
22616
22624
22632
22640
22656
22664
22680
22672
22688
22712
22728
22736
22744
22760
22704
22712
22696
22720
22784
22752
22760
22768
22784
22776
22792
22800
22808
22824
22904
22928
22936
22944
22952
22968
23000
23008
23016
22832
22840
22848
22856
22864
22872
22888
22816
22824
22880
22896
22912
22920
22984
22960
22968
22976
22992
23032
23048
23056
23064
23040
23032
23024
23080
23096
23104
23112
23080
23072
23088
23128
23144
23152
23160
23136
23120
23128
23176
23232
23240
23256
23376
23408
23416
23424
23432
23440
23184
23224
23272
23288
23296
23304
23312
23328
23320
23336
23344
23240
23248
23200
23232
23264
23256
23280
23352
23360
23368
23384
23392
23216
23208
23192
23376
23400
23448
23456
23464
23472
23480
23488
23496
23512
23552
23560
23568
23592
23520
23536
23504
23512
23528
23544
23584
23592
23576
23600
23624
23672
23680
23688
23632
23640
23648
23616
23608
23624
23656
23664
23720
23728
23752
23760
23768
23704
23696
23712
23800
23808
23736
23744
23784
23776
23792
23856
23872
23880
23888
23824
23816
23832
23912
23920
23848
23856
23840
23864
23936
23896
23904
23960
23936
23928
23944
24000
23968
23976
23984
23960
23952
23992
24008
24016
24032
24056
24064
24048
24024
24040
24032
24080
24072
24096
24128
24152
24160
24104
24112
24096
24088
24120
24136
24144
24192
24168
24176
24240
24256
24264
24200
24216
24184
24192
24208
24224
24272
24304
24232
24240
24248
24328
24336
24344
24288
24280
24296
24360
24408
24480
24320
24640
24688
24696
24704
24712
24720
24728
24736
24744
24752
24760
24768
24776
24800
24808
24368
24384
24392
24424
24432
24448
24456
24464
24472
24496
24504
24512
24520
24528
24536
24544
24552
24560
24568
24576
24592
24600
24480
24488
24408
24400
24584
24608
24616
24624
24632
24648
24656
24664
24672
24440
24416
24376
24640
24680
24848
24864
24872
24792
24784
24888
24912
24832
24824
24840
24848
24856
24904
24880
24888
24896
24944
24968
24920
24928
24992
24952
24944
24936
24960
24984
24976
25024
25000
25008
25048
25072
25016
25024
25032
25096
25104
25040
25048
25056
25064
25080
25088
25144
25176
25120
25112
25128
25208
25224
25240
25288
25304
25312
25320
25328
25168
25192
25152
25296
25288
25240
25208
25200
25280
25232
25224
25272
25264
25256
25248
25216
25336
25344
25352
25360
25368
25376
25384
25408
25432
25440
25424
25392
25408
25400
25416
25464
25448
25456
25472
25480
25488
25504
25520
25544
25552
25560
25504
25496
25512
25568
25584
25672
25536
25680
25688
25696
25704
25528
25592
25632
25640
25648
25608
25656
25624
25600
25616
25664
25720
25744
25760
25768
25776
25784
25728
25744
25736
25752
25792
25800
25808
25816
25824
25832
25840
25848
25856
25864
25872
25880
25888
25896
25904
25912
25920
25952
25944
25928
25936
25960
25968
25984
26000
25992
25976
25984
26024
26008
26016
26048
26032
26040
26104
26112
26120
26128
26136
26144
26064
26056
26072
26080
26088
26096
26168
26152
26160
26208
26184
26176
26192
26248
26216
26224
26208
26200
26232
26256
26240
26248
26272
26288
26312
26320
26272
26264
26280
26296
26304
26352
26376
26384
26392
26328
26336
26344
26352
26360
26368
26400
26408
26456
26544
26552
26560
26568
26432
26424
26480
26488
26496
26504
26456
26448
26512
26520
26528
26472
26440
26464
26536
26584
26576
26592
26624
26616
26600
26608
26640
26664
26672
26680
26656
26648
26640
26632
26696
26712
26720
26744
26752
26696
26688
26704
26728
26736
26792
26760
26768
26856
26800
26808
26816
26784
26832
26776
26792
26824
26840
26896
26912
26848
26856
26864
26872
26904
26880
26896
26888
26936
26944
26952
26968
26920
26928
27000
26960
26968
26976
27032
27008
26992
27000
26984
27016
27056
27072
27120
27128
27136
27040
27032
27024
27048
27080
27088
27104
27072
27096
27064
27112
27152
27168
27192
27200
27208
27144
27152
27160
27224
27240
27248
27256
27176
27184
27272
27288
27216
27224
27232
27272
27264
27280
27328
27296
27304
27368
27336
27344
27320
27328
27312
27352
27400
27432
27360
27368
27376
27384
27456
27408
27416
27400
27392
27424
27480
27488
27512
27520
27440
27448
27464
27472
27544
27496
27504
27528
27568
27536
27552
27560
27576
27616
27640
27648
27584
27592
27624
27608
27616
27600
27632
27664
27656
27696
27704
27712
27680
27672
27688
27752
27728
27720
27736
27792
27808
27832
27760
27776
27752
27768
27744
27784
27808
27816
27800
27824
27864
27928
27936
27944
27952
27960
28648
28656
28664
28672
28680
28688
28696
27848
28704
27896
27872
28728
27912
27976
27984
27992
28000
28008
28016
28024
28040
28048
28056
28064
28072
28080
28088
28096
28104
28112
28120
28128
28136
28144
28152
28168
28176
28192
28200
28208
28216
28224
28232
28240
28256
28264
28272
28280
28288
28296
28304
28312
28320
28160
28328
28344
28360
28368
28376
28384
28392
28400
28416
28408
28336
28424
28440
28448
28456
27928
28464
27960
27952
27936
28248
27944
27920
28184
28352
27968
28432
28480
28488
28496
28504
28512
28520
28528
28536
28544
28552
28560
28568
28576
28584
28592
28600
28608
28616
28624
28632
28032
27904
28472
28640
28712
28720
28736
28744
28760
28776
28768
28752
28760
28800
28808
28784
28792
28832
28840
28864
28816
28824
28872
28904
28912
28936
28944
28952
28960
28968
28976
28856
28848
28984
28992
29000
29008
29016
29024
29032
28888
28880
28920
28904
28912
28896
28928
29040
29048
29056
29080
29072
29064
29088
29096
29104
29112
29120
29144
29152
29128
29136
29168
29184
29192
29200
29160
29168
29176
29216
29224
29216
29208
29232
29240
29248
29256
29264
29272
29280
29288
29296
29304
29312
29320
29328
29336
29352
29392
29400
29360
29376
29344
29352
29368
29384
29424
29408
29416
29448
29456
29432
29440
29464
29472
29488
29496
29512
29536
29480
29504
29512
29520
29528
29544
29552
29568
29608
29720
29728
29736
29744
29752
29760
29768
29616
29592
29624
29632
29600
29608
29664
29656
29648
29640
29584
29776
29672
29680
29688
29696
29704
29712
29784
29792
29808
29824
29800
29808
29816
29832
29848
29880
29888
29856
29864
29848
29840
29872
29912
29920
29928
29896
29904
29960
29968
29976
30008
29944
29936
29952
30032
30040
30048
29992
29984
30000
30016
30024
30064
30056
30072
30080
30088
30096
30104
30112
30120
30128
30136
30144
30152
30176
30224
30232
30184
30192
30168
30208
30176
30200
30160
30216
30256
30264
30240
30248
30272
30280
30296
30336
30344
30352
30304
30312
30320
30296
30288
30328
30360
30368
30384
30400
30424
30432
30384
30376
30392
30416
30408
30448
30464
30472
30480
30448
30440
30456
30488
30496
30504
30512
30520
30536
30560
30600
30608
30616
30800
30808
30816
30544
30824
30568
30584
30640
30648
30656
30664
30672
30680
30688
30696
30704
30712
30720
30728
30608
30600
30616
30592
30736
30744
30752
30760
30768
30776
30784
30632
30576
30624
30792
30848
30872
30840
30864
30832
30856
30912
30920
30928
30936
30944
30952
30960
30968
30976
30984
30992
31000
31008
31016
31024
30888
30880
30896
30904
31048
31056
31064
31072
31080
31032
31040
31088
31096
31120
31200
31208
31216
31128
31136
31144
31112
31160
31104
31120
31152
31168
31184
31176
31192
31224
31240
31256
31264
31232
31240
31248
31272
31288
31280
31304
31296
31312
31328
31344
31352
31336
31320
31328
31360
31368
31384
31376
31384
31392
31408
31408
31416
31400
31424
31432
31440
31456
31464
31472
31456
31448
31480
31496
31504
31512
31520
31528
31536
31552
31488
31496
31544
31560
31568
31592
31600
31608
31616
31624
31632
31584
31592
31640
31576
31648
31664
31672
31680
31688
31664
31656
31696
31712
31720
31712
31704
31728
31752
31760
31768
31776
31744
31792
31736
31752
31784
31800
31824
31816
31824
31808
31832
31840
31856
31856
31848
31864
31880
31888
31880
31872
31896
31912
31920
31928
31912
31904
31936
31944
31968
31976
31960
31968
31952
31984
32000
32008
32000
31992
32016
32032
32064
32048
32032
32024
32056
32040
32088
32096
32080
32088
32072
32104
32128
32144
32152
32160
32120
32128
32112
32136
32176
32184
32176
32168
32192
32208
32216
32208
32200
32224
32240
32248
32240
32232
32256
32272
32296
32304
32312
32280
32272
32264
32288
32328
32344
32352
32328
32320
32336
32360
32368
32384
32432
32440
32392
32400
32416
32376
32384
32408
32424
32528
32536
32552
32560
32624
33136
33144
33152
33160
33168
33176
33184
33192
33200
33208
33216
33224
33232
33256
33264
33272
33280
32456
33304
33312
32560
32544
32672
32624
32528
32832
32480
32464
32472
32552
32536
32848
32840
32824
32488
32816
32808
32800
32792
32784
32776
32768
32760
32752
32744
32736
32728
32720
32712
32704
32696
32688
32680
32664
32656
32648
32640
32632
32616
32608
32600
32592
32584
32576
32568
32520
32512
32504
32496
33128
33120
33112
33104
33096
33088
33080
33072
33064
33056
33048
33040
33032
33024
33016
33008
33000
32992
32984
32888
32976
32968
32960
32952
32944
32936
32928
32920
32912
32904
32896
32880
32872
32864
32856
33240
33248
33288
33296
33336
33360
33368
33344
33328
33336
33320
33352
33400
33416
33440
33448
33384
33376
33408
33424
33392
33400
33416
33432
33464
33520
33544
33568
33576
33584
33592
33600
33608
33480
33472
33496
33456
33560
33544
33520
33512
33552
33536
33528
33504
33624
33616
33624
33632
33648
33656
33664
33648
33640
33672
33696
33680
33688
33720
33728
33712
33704
33744
33744
33736
33752
33840
33848
33768
33760
33800
33808
33816
33824
33792
33776
33784
33832
33856
33880
33912
33920
33888
33896
33872
33880
33864
33904
33944
33976
34000
33936
33928
33960
33952
33984
33992
34008
33968
33976
34000
34016
34024
34032
34048
34056
34072
34040
34048
34064
34080
34088
34096
34104
34112
34176
34256
34320
34336
34344
34352
34520
34528
34184
34192
34248
35560
35568
34224
34232
34240
34120
34128
34136
34144
34152
34160
34168
34208
35576
35584
35592
35600
35608
35616
34272
34288
34296
34368
34376
34384
34392
34400
34408
34416
34424
34432
34440
34448
34456
34464
34472
34480
34512
34536
34544
34552
34560
34584
34608
34592
34624
34632
34640
34648
34656
34664
34672
34680
34688
34696
34704
34712
34720
34728
34736
34744
34752
34760
34768
34776
34784
34792
34800
34808
34816
34824
34832
34840
34848
34856
34864
34872
34880
34888
34896
34904
34912
34920
34928
34936
34944
34952
34960
34968
34976
34984
34992
35000
35008
35016
35024
35032
35040
35056
35064
35072
35048
35080
35088
35096
35112
35120
34616
35136
35128
35152
35160
35168
35176
35184
35192
34320
35200
35208
34528
34328
34488
34352
34496
34336
34344
34504
34568
34520
34304
34576
34312
34360
35144
35216
35224
35232
35240
35248
35256
35264
35272
35280
35288
35296
35304
35312
35320
35328
35336
35344
35352
35360
35368
35376
35384
35392
35400
35408
35416
35424
35432
35440
35448
35456
35464
35472
35480
35488
35496
35504
35512
35520
35528
35536
35544
34600
34280
35104
35552
35648
35680
35624
35632
35640
35648
35656
35664
35720
35816
35824
35832
35840
35848
35856
35864
35872
35704
35696
35688
35880
35888
35896
35904
35912
35808
35760
35744
35768
35800
35752
35792
35784
35776
35712
35736
35928
35944
35952
35960
35984
35992
36016
36024
36032
36064
36072
36080
36096
36120
35928
35920
35936
35968
35976
36000
36008
36048
36040
36056
36144
36224
36248
36272
36280
36288
36320
36336
36112
36136
36160
36128
36152
36360
36216
36192
36168
36208
36184
36176
36200
36384
36408
36416
36232
36240
36256
36264
36296
36304
36320
36312
36328
36344
36352
36376
36368
36440
36464
36472
36392
36400
36424
36432
36448
36456
36496
36624
36632
36656
36664
36672
36680
36688
36696
36704
36712
36720
36728
36736
36744
36752
36488
36512
36528
36536
36544
36552
36560
36568
36576
36584
36592
36600
36608
36616
36520
36640
36648
36768
36792
36800
36760
36768
36776
36784
36824
36840
36864
36872
36880
36888
36896
36904
36912
36920
36928
36936
36944
36952
36960
36968
36976
36984
36992
37000
37008
37016
37024
37032
37040
37048
37056
37064
37104
36808
36816
36848
36840
36832
36856
10824
10832
10840
37072
37080
37096
37112
37088
37104
37120
37128
37152
37192
37160
37144
37152
37136
37168
37216
37248
37184
37192
37176
37200
37208
37216
37224
37232
37264
37296
37248
37240
37256
37320
37328
37280
37272
37288
37304
37312
37352
37360
37368
37376
37384
37392
37400
37408
37432
37336
37344
37496
37512
37520
37440
37448
37456
37424
37472
37432
37464
37416
37480
37488
37528
37504
37496
37560
37584
37592
37544
37536
37552
37600
37608
37632
37568
37576
37656
37672
37680
37624
37616
37632
37640
37656
37648
37664
37712
37728
37760
37696
37688
37704
37736
37744
37728
37720
37752
37768
37776
37792
37784
37800
37808
37832
37856
37880
37840
37824
37832
37816
37848
37912
37872
37880
37864
37888
37960
38024
38056
38072
38080
38424
38432
38440
38448
38456
38464
38472
38488
38528
37936
37920
37928
10824
10832
10840
37968
37952
38544
38568
38576
38584
37992
38008
38096
38128
38136
38144
38152
38168
38176
38160
38192
38120
38208
38232
38240
38248
38256
38224
38264
38280
38056
38080
38048
38032
38184
38216
38024
38064
38200
38072
38104
38016
38040
38272
38288
38296
38304
38312
38320
38328
38336
38344
38352
38360
38368
38376
38384
38392
38400
38408
38112
38000
38088
38416
38496
38504
38512
38520
38488
38480
38552
38544
38536
38560
38600
38616
38624
38632
38656
38664
38592
38600
38608
38688
38712
38720
38640
38648
38672
38680
38744
38752
38696
38704
38784
38792
38800
38824
38832
38840
38848
38856
38736
38768
38728
38760
38792
38808
38776
38784
38800
38816
10824
10832
38864
38888
38912
38920
38944
38960
38984
38880
38904
10824
38872
38896
39040
39152
39160
39168
39208
39384
39448
39464
39480
38936
38976
39000
38928
38952
38968
38992
39008
41768
41760
41752
41744
41736
41728
41720
41712
41704
41696
41688
41680
41672
41664
41656
41648
41640
41632
41624
41616
41608
41600
41592
41584
41576
41560
40528
39976
39128
39512
39120
39160
42344
42336
42328
42320
39504
39152
43168
42400
42296
42184
42176
41808
41440
41432
41424
41416
41408
41400
41008
40832
40824
40448
39952
39712
39376
39368
39360
39352
39344
39336
39192
39144
39112
39104
43256
43248
43240
43232
42312
42304
42128
42120
42112
42104
42096
42088
42080
42072
42064
42056
42048
42040
42032
42024
42016
42008
42000
41992
41984
41976
41968
41960
41952
41944
41936
41928
41920
41912
41904
41896
41888
41880
41872
41864
41856
41848
41840
41832
41552
41544
41536
41528
41056
41048
41040
40912
40904
40896
40888
40880
40872
40864
40520
40512
40504
39968
39760
39496
39488
39096
41520
39752
39480
40496
39456
39448
43224
42424
41816
41512
40856
39744
39736
39728
39472
39464
43216
43208
43200
43192
43184
42416
42408
42200
41824
41504
41496
41488
41480
41472
41464
41456
41032
41024
40848
40840
40488
40480
40472
40464
40456
39960
39720
39440
39432
39424
39416
39408
39200
39168
43176
42192
41448
41016
40568
39400
39208
40440
39392
39384
43272
43264
43160
43152
43144
43136
43128
43120
43112
43104
43096
43088
43080
43072
43064
43056
43048
43040
43032
43024
43016
43008
43000
42992
42984
42976
42968
42960
42952
42944
42936
42928
42920
42912
42904
42896
42888
42880
42872
42864
42856
42848
42840
42832
42824
42816
42808
42800
42792
42784
42776
42768
42760
42752
42744
42736
42728
42720
42712
42704
42696
42688
42680
42672
42664
42656
42648
42640
42632
42624
42616
42608
42600
42592
42584
42576
42568
42560
42552
42544
42536
42528
42520
42512
42504
42496
42488
42480
42472
42464
42456
42448
42440
42432
42392
42384
42376
42368
42360
42352
42288
42280
42272
42264
42256
42248
42240
42232
42224
42216
42208
42168
42160
42152
42144
42136
41800
41792
41784
41776
41392
41384
41376
41368
41360
41352
41344
41336
41328
41320
41312
41304
41296
41288
41280
41272
41264
41256
41248
41240
41232
41224
41216
41208
41200
41192
41184
41176
41168
41160
41152
41144
41136
41128
41120
45440
45448
45456
45496
41112
41104
41096
41088
41080
41072
41000
40992
40984
40976
40968
40960
40952
40944
40936
40928
40920
40816
40808
40800
40792
40784
40776
40768
40760
40752
40744
40736
40728
40720
40712
40704
40696
40688
40680
40672
40664
40656
40648
40640
40632
40624
40616
40608
40600
40592
40584
40576
40560
40552
40544
40536
40432
40424
40416
40408
40400
40392
40384
40376
40368
40360
40352
40344
40336
40328
40320
40312
40304
40296
40288
40280
40272
40264
40256
40248
40240
40232
40224
40216
40208
40200
40192
40184
40176
40168
40160
40152
40144
40136
40128
40120
40112
40104
40096
40088
40080
40072
40064
40056
40048
40040
40032
40024
40016
40008
40000
39992
39984
39944
39936
39928
39920
39912
39904
39896
39888
39880
39872
39864
39856
39848
39840
39832
39824
39816
39808
39800
39792
39784
39776
39768
39704
39696
39688
39680
39672
39664
39656
39648
39640
39632
39624
39616
39608
39600
39592
39584
39576
39568
39560
39552
39544
39536
39528
39520
39328
39320
39312
39304
39296
39288
39280
39272
39264
39256
39248
39240
39232
39224
39216
39184
39176
39136
39088
39080
45672
45736
45752
45768
52752
52760
52768
43280
43288
43296
43304
43312
43320
43328
43336
43344
43352
43360
43368
43376
43384
43392
43400
43408
43416
43424
43432
43440
43448
43456
43464
43472
43480
43488
43496
43504
43512
43520
43528
43536
43544
43552
43560
43568
43576
43584
43592
43600
43608
43616
43624
43632
43640
43648
43656
43664
43672
43680
43688
43696
43704
43712
43720
43728
43736
43744
43752
43760
43768
43776
43784
43792
43800
43808
43816
43824
43832
43840
43848
43856
43864
43872
43880
43888
43896
43904
43912
43920
43928
43936
43944
43952
43960
43968
43976
43984
43992
44000
44008
44016
44024
44032
44040
44048
44056
44064
44072
44080
44088
44096
44104
44112
44120
44128
44136
44144
44152
44160
44168
44176
44184
44192
44200
44208
44216
44224
44232
44240
44248
44256
44264
44272
44280
44288
44296
52808
52984
53048
53064
53080
44312
44320
44328
44336
44344
44352
44360
44368
44376
44384
44392
44400
44408
44416
44424
44432
44440
44448
44456
44464
44472
44480
44488
44496
44504
44512
44520
44528
44536
44544
44552
44560
44568
44576
44584
44592
44600
44608
44616
44624
44632
44640
44648
44656
44664
44672
44680
44688
44696
44704
44712
44720
44728
44736
44744
44752
44760
44768
44776
44784
44792
44800
44808
44816
44824
44832
44840
44848
44856
44864
44872
44880
44888
44896
44904
44912
44920
44928
44936
44944
44952
44960
44968
44976
44984
44992
45000
45008
45016
45024
45032
45040
45048
45056
45064
45072
45080
45088
45096
45104
45112
45120
45128
45136
45144
45152
45160
45168
45176
45184
45192
45200
45208
45216
45224
45232
45240
45248
45256
45264
45272
45280
45288
45296
45304
45312
45320
45328
45368
45376
45424
45464
45472
45504
45512
45520
45528
45536
45544
45552
45560
45568
45576
45584
45592
45600
45608
45616
45800
45808
45816
45824
45832
45840
45848
45856
45864
45872
45880
45888
45896
45904
45912
45920
45928
45936
45944
45952
45960
45968
45976
45984
46056
46064
46072
46080
46088
46096
46104
46112
46120
46128
46136
46144
46152
46160
46168
46176
46184
46192
46200
46208
46216
46224
46232
46272
46280
46288
46296
46304
46312
46320
46328
46336
46344
46352
46360
46368
46376
46384
46392
46400
46408
46416
46424
46432
46440
46448
46456
46464
46472
46480
46488
46496
46504
46512
46520
46528
46536
46544
46552
46560
46568
46576
46584
46592
46600
46608
46616
46624
46632
46640
46648
46656
46664
46672
46680
46688
46696
46704
46712
46720
46824
46832
46840
46848
46864
46872
46880
46888
46896
46904
46912
46920
46928
46936
46944
46952
46960
46968
46976
46984
46992
47000
47008
47016
47024
47032
47040
47048
47056
47064
47072
47080
47088
47096
47104
47208
47216
47224
47232
47240
47248
47256
47264
47272
47280
47288
47360
47368
47376
47384
47392
47400
47408
47416
47424
47432
47440
47448
47456
47464
47472
47480
47488
47496
47504
47512
47520
47528
47536
47544
47552
47560
47568
47576
47584
47592
47600
47608
47616
47624
47632
47640
47648
47656
47664
47672
47680
48064
48072
48080
48088
48424
48432
48440
48448
48456
48496
48504
48512
48520
48528
48536
48544
48552
48560
48568
48576
48640
48648
48656
48664
48672
48680
48720
48728
48736
48744
48752
48760
48768
48776
48784
48792
48800
48808
48816
48824
48832
48840
48848
48856
48864
48872
48880
48888
48896
48904
48912
48920
48928
48936
48944
48952
48960
48968
48976
48984
48992
49000
49008
49016
49024
49032
49040
49048
49056
49064
49072
49080
49088
49096
49104
49112
49120
49128
49136
49144
49152
49160
49168
49176
49184
49192
49200
49208
49216
49224
49232
49240
49248
49256
49264
49272
49280
49288
49296
49304
49312
49320
49328
49336
49344
49352
49360
49368
49376
49384
49392
49400
49408
49416
49424
49432
49440
49448
49552
49560
49568
49576
45672
45680
46728
45496
45688
46856
47304
47736
48480
49464
45456
45488
45696
45704
45712
45720
45728
46000
46248
46744
46752
46760
46768
46776
47128
47136
47312
47320
47744
47752
47760
47768
47776
47784
47792
48112
48488
48696
48704
49472
49480
49488
49496
49504
45752
45760
46008
46016
46024
47144
47800
48104
48712
49512
45736
45744
46784
45768
46032
47808
49520
49592
49600
49608
49616
49624
49632
49640
49648
49656
49664
49672
49680
49688
49696
49704
49712
49720
49728
49736
49744
49752
49760
49768
49776
49784
49792
49800
49808
49816
49824
49832
49840
49848
49856
49864
49872
49880
49888
49896
49904
49912
49920
49928
49936
49944
49952
49960
49968
49976
49984
49992
50000
50008
50016
50024
50032
50040
50048
50056
50064
50072
50080
50088
50096
50104
50112
50120
50128
50136
50144
50152
50160
50168
50176
50184
50192
50200
50208
50216
50224
50232
50240
50248
50256
50264
50272
50280
50288
50296
50304
50312
50320
50328
50336
50344
50352
50360
50368
50376
50384
50392
50400
50408
50416
50424
50432
50440
50448
50456
50464
50472
50480
50488
50496
50504
50512
50520
50528
50536
50544
50552
50560
50568
50576
50584
50592
50600
50608
45384
45776
46040
46048
46256
46792
46800
46808
47152
47160
47168
47176
47184
47192
47200
47328
47336
47344
47816
47824
47832
47840
48120
48128
48136
48144
48152
48160
48168
48176
48184
48192
48200
48208
48216
48224
48232
48240
48248
48256
48264
48272
48280
48288
48296
48304
48312
48320
48328
48336
48344
48352
48360
48368
48376
48384
48392
48400
48408
48416
48592
48600
49528
49536
49544
49584
45392
45400
45432
45480
45624
45632
45640
45648
45656
45664
45992
46240
46736
47112
47120
47296
47688
47696
47704
47712
47720
47728
48096
48464
48472
48584
48688
49456
45440
45784
48608
48616
48624
48632
45448
45408
45792
45416
46264
46816
47848
47864
47872
47880
47888
47896
47904
47912
47920
47928
47936
47944
47952
47960
47968
47976
47984
47992
48000
48008
48016
48024
48032
48040
48048
48056
50616
50624
50632
50640
50648
50656
50664
50672
50680
50688
50696
50704
50712
50720
50728
50736
50744
50752
50760
50768
50776
50784
50792
50800
50808
50816
50824
50832
50840
50848
50856
50864
50872
50880
50888
50896
50904
50912
50920
50928
50936
50944
50952
50960
50968
50976
50984
50992
51000
51008
51016
51024
51032
51040
51048
51056
51064
51072
51080
51088
51096
51104
51112
51120
51128
51136
51144
51152
51160
51168
51176
51184
51192
51200
51208
51216
51224
51232
51240
51248
51256
51264
51272
51280
51288
51296
51304
51312
51320
51328
51336
51344
51352
51360
51368
51376
51384
51392
51400
51408
51416
51424
51432
51440
51448
51456
51464
51472
51480
51488
51496
51504
51512
51520
51528
51536
51544
51552
51560
51568
51576
51584
51592
51600
51608
51624
51632
51640
51648
51656
51664
51672
51680
51688
51696
51704
51712
51720
51728
51736
51744
51752
51760
51768
51776
51784
51792
51800
51808
51816
51824
51832
51840
51848
51856
51864
51872
51880
51888
51896
51904
51912
51920
51928
51936
51944
51952
51960
51968
51976
51984
51992
52000
52008
52016
52024
52032
52040
52048
52056
52064
52072
52080
52088
52096
52104
52112
52120
52128
52136
52144
52152
52160
52168
52176
52184
52192
52200
52208
52216
52224
52232
52240
52248
52256
52264
52272
52280
52288
52296
52304
52312
52640
52632
52624
52616
52608
52600
52592
52584
52576
52568
52560
52552
52544
52536
52528
52520
52512
52504
52496
52488
52480
52472
52464
52456
52448
52440
52432
52424
52416
52408
52400
52392
52384
52376
52368
52360
52352
52344
52336
52328
52320
60064
60072
60080
60120
60296
60360
60376
60392
52680
52688
52736
52776
52784
52816
52824
52832
52840
52848
52856
52864
52872
52880
52888
52896
52904
52912
52920
52928
53112
53120
53128
53136
53144
53152
53160
53168
53176
53184
53192
53200
53208
53216
53224
53232
53240
53248
53256
53264
53272
53280
53288
53296
53368
53376
53384
53392
53400
53408
53416
53424
53432
53440
53448
53456
53464
53472
53480
53488
53496
53504
53512
53520
53528
53536
53544
53584
53592
53600
53608
53616
53624
53632
53640
53648
53656
53664
53672
53680
53688
53696
53704
53712
53720
53728
53736
53744
53752
53760
53768
53776
53784
53792
53800
53808
53816
53824
53832
53840
53848
53856
53864
53872
53880
53888
53896
53904
53912
53920
53928
53936
53944
53952
53960
53968
53976
53984
53992
54000
54008
54016
54024
54032
54136
54144
54152
54160
54176
54184
54192
54200
54208
54216
54224
54232
54240
54248
54256
54264
54272
54280
54288
54296
54304
54312
54320
54328
54336
54344
54352
54360
54368
54376
54384
54392
54400
54408
54416
54520
54528
54536
54544
54552
54560
54568
54576
54584
54592
54600
54672
54680
54688
54696
54704
54712
54720
54728
54736
54744
54752
54760
54768
54776
54784
54792
54800
54808
54816
54824
54832
54840
54848
54856
54864
54872
54880
54888
54896
54904
54912
54920
54928
54936
54944
54952
54960
54968
54976
54984
54992
55376
55384
55392
55400
55736
55744
55752
55760
55768
55808
55816
55824
55832
55840
55848
55856
55864
55872
55880
55888
55952
55960
55968
55976
55984
55992
56032
56040
56048
56056
56064
56072
56080
56088
56096
56104
56112
56120
56128
56136
56144
56152
56160
56168
56176
56184
56192
56200
56208
56216
56224
56232
56240
56248
56256
56264
56272
56280
56288
56296
56304
56312
56320
56328
56336
56344
56352
56360
56368
56376
56384
56392
56400
56408
56416
56424
56432
56440
56448
56456
56464
56472
56480
56488
56496
56504
56512
56520
56528
56536
56544
56552
56560
56568
56576
56584
56592
56600
56608
56616
56624
56632
56640
56648
56656
56664
56672
56680
56688
56696
56704
56712
56720
56728
56736
56744
56752
56760
56864
56872
56880
56888
52984
52992
54040
52808
53000
54168
54616
55048
55792
56776
52768
52800
53008
53016
53024
53032
53040
53312
53560
54056
54064
54072
54080
54088
54440
54448
54624
54632
55056
55064
55072
55080
55088
55096
55104
55424
55800
56008
56016
56784
56792
56800
56808
56816
53064
53072
53320
53328
53336
54456
55112
55416
56024
56824
53048
53056
54096
53080
53344
55120
56832
56904
56912
56920
56928
56936
56944
56952
56960
56968
56976
56984
56992
57000
57008
57016
57024
57032
57040
57048
57056
57064
57072
57080
57088
57096
57104
57112
57120
57128
57136
57144
57152
57160
57168
57176
57184
57192
57200
57208
57216
57224
57232
57240
57248
57256
57264
57272
57280
57288
57296
57304
57312
57320
57328
57336
57344
57352
57360
57368
57376
57384
57392
57400
57408
57416
57424
57432
57440
57448
57456
57464
57472
57480
57488
57496
57504
57512
57520
57528
57536
57544
57552
57560
57568
57576
57584
57592
57600
57608
57616
57624
57632
57640
57648
57656
57664
57672
57680
57688
57696
57704
57712
57720
57728
57736
57744
57752
57760
57768
57776
57784
57792
57800
57808
57816
57824
57832
57840
57848
57856
57864
57872
57880
57888
57896
57904
57912
57920
52696
53088
53352
53360
53568
54104
54112
54120
54464
54472
54480
54488
54496
54504
54512
54640
54648
54656
55128
55136
55144
55152
55432
55440
55448
55456
55464
55472
55480
55488
55496
55504
55512
55520
55528
55536
55544
55552
55560
55568
55576
55584
55592
55600
55608
55616
55624
55632
55640
55648
55656
55664
55672
55680
55688
55696
55704
55712
55720
55728
55904
55912
56840
56848
56856
56896
52704
52712
52744
52792
52936
52944
52952
52960
52968
52976
53304
53552
54048
54424
54432
54608
55000
55008
55016
55024
55032
55040
55408
55776
55784
55896
56000
56768
52752
53096
55920
55928
55936
55944
52760
52720
53104
52728
53576
54128
55160
55176
55184
55192
55200
55208
55216
55224
55232
55240
55248
55256
55264
55272
55280
55288
55296
55304
55312
55320
55328
55336
55344
55352
55360
55368
57928
57936
57944
57952
57960
57968
57976
57984
57992
58000
58008
58016
58024
58032
58040
58048
58056
58064
58072
58080
58088
58096
58104
58112
58120
58128
58136
58144
58152
58160
58168
58176
58184
58192
58200
58208
58216
58224
58232
58240
58248
58256
58264
58272
58280
58288
58296
58304
58312
58320
58328
58336
58344
58352
58360
58368
58376
58384
58392
58400
58408
58416
58424
58432
58440
58448
58456
58464
58472
58480
58488
58496
58504
58512
58520
58528
58536
58544
58552
58560
58568
58576
58584
58592
58600
58608
58616
58624
58632
58640
58648
58656
58664
58672
58680
58688
58696
58704
58712
58720
58728
58736
58744
58752
58760
58768
58776
58784
58792
58800
58808
58816
58824
58832
58840
58848
58856
58864
58872
58880
58888
58896
58904
58912
58920
59968
59976
59984
59992
60000
60016
60024
60048
60088
60096
60128
60136
60144
60152
60160
60168
60176
60184
60192
60200
60208
60216
60224
60232
60248
60256
60264
60272
60280
60320
60336
60344
60032
60240
60424
60432
60440
60448
60456
60464
60472
60480
60488
60496
60504
60512
60520
60528
60536
60544
60552
60560
60568
60576
60584
60592
60600
60632
60640
60400
60664
60608
60680
60688
60696
60704
60712
60720
60728
60736
60744
60752
60760
60768
60776
60784
60792
60800
60808
60816
60824
60832
60840
60848
60856
60896
60904
60912
60920
60928
60936
60944
60952
60960
60968
60976
60984
60992
61000
61008
61016
61024
61032
61040
61048
61056
61064
61072
61080
61088
61096
61104
61112
61120
61128
61136
61144
61152
61160
61168
61176
61184
61192
61200
61208
61216
61224
61232
61240
61248
61256
61264
61272
61280
61288
61296
61304
61312
61320
61328
61336
60304
60872
61376
61384
61392
60368
61416
61424
60888
61344
61448
61456
61464
60312
61472
61488
67264
67272
67280
67288
67296
61496
61504
61512
61520
61528
61536
61544
61552
61560
61568
61576
61584
61592
61600
61608
61616
61624
61632
61640
61648
61656
61664
61672
61680
61688
61696
61704
61712
61720
61736
61752
61776
61784
61792
61800
61808
61816
61728
61832
61840
61848
61856
61864
61872
61880
61888
61896
61904
61936
61824
61952
61960
61912
61984
61992
62000
62008
62016
62024
62032
62040
62048
62056
62064
62072
62080
62088
62096
62104
62112
62120
62128
62136
62144
62152
62160
62168
62176
62184
62192
62200
62208
62216
62224
62232
62240
62248
62256
62264
62272
62280
62288
62296
62312
62320
62328
62336
62344
61352
62368
62384
62392
62400
62408
60656
62440
62448
62456
61440
62304
62688
62696
62704
62416
62744
62752
62760
62768
62776
62784
62792
62800
62808
62816
62824
62832
62840
62848
62856
62864
62872
62880
62888
62896
62904
62912
62920
62928
62936
62944
62952
62960
62968
62976
62984
62992
63000
63008
63016
63024
63032
62712
63048
63056
63064
63072
63088
63080
63120
63128
63136
63144
63152
63160
63168
63176
63184
63192
63216
63232
63240
63248
63200
63264
63272
63280
63288
63296
63256
63304
63344
63352
63360
63368
63376
63384
63392
63400
63408
63416
63424
63432
63440
63448
63456
63464
63472
63480
63488
63496
63504
63512
63520
63528
63536
63544
63552
63560
63568
63576
63584
63592
63600
63608
63616
63624
63632
63640
63648
63656
63664
63672
63680
63688
63696
63704
63712
63720
63728
63736
63744
63752
63760
63768
63776
63784
63792
63800
63808
63816
63824
63832
63840
63848
63856
63864
63872
63880
63888
63896
63904
63912
63920
63928
63936
63944
63952
63960
63968
63976
63984
63992
64000
64008
64016
64024
64032
64040
64048
64056
64064
64080
64088
61408
63328
64104
64112
64120
64128
64136
62432
64152
64160
60416
60040
60072
62472
60392
64072
64176
64184
64192
64200
60296
64208
60120
61480
61928
62360
63104
60080
60112
60328
60352
60624
61368
61400
61760
61944
62376
62736
63112
63320
64096
60376
60384
60648
61768
62424
62728
63336
58936
58944
58952
58960
58968
58976
58984
58992
59000
59008
59016
59024
59032
59040
59048
59056
59064
59072
59080
59088
59096
59104
59112
59120
59128
59136
59144
59152
59160
59168
59176
59184
59192
59200
59208
59216
59224
59232
59240
59248
59256
59264
59272
59280
59288
59296
59304
59312
59320
59328
59336
59344
59352
59360
59368
59376
59384
59392
59400
59408
59416
59424
59432
59440
59448
59456
59464
59472
59480
59488
59496
59504
59512
59520
59528
59536
59544
59552
59560
59568
59576
59584
59592
59600
59608
59616
59624
59632
59640
59648
59656
59664
59672
59680
59688
59696
59704
59712
59720
59728
59736
59744
59752
59760
59768
59776
59784
59792
59800
59808
59816
59824
59832
59840
59848
59856
59864
59872
59880
59888
59896
59904
59912
59920
59928
59936
59944
59952
60360
64144
64216
64224
64232
64240
64248
64256
64264
64272
64280
64288
64296
64304
64312
64320
64328
64336
64344
64352
64360
64368
64376
64384
64392
64400
64408
64416
64424
64432
64440
64448
64456
64464
64472
64480
64488
64496
64504
64512
64520
64528
64536
64544
64552
64560
64568
64576
64584
64592
64600
64608
64616
64624
64632
64640
64648
64656
64664
64672
64680
64688
64696
64704
64712
64720
64728
64736
64744
64752
64760
64768
64776
64784
64792
64800
64808
64816
64824
64832
64840
64848
64856
64864
64872
64880
64888
64896
64904
64912
64920
64928
64936
64944
64952
64960
64968
64976
64984
64992
65000
65008
65016
65024
65032
65040
65048
65056
65064
65072
65080
65088
65096
65104
65112
65120
65128
65136
65144
65152
65160
65168
65176
65184
65192
65200
65208
65216
65224
65232
60008
60672
60880
61432
61968
62464
63040
63224
64168
60056
60104
60288
60616
60864
61360
61744
61920
62352
62720
63096
63208
63312
60064
60408
62488
62496
62504
62512
62520
62528
62536
62544
62552
62560
62568
62576
62584
62592
62600
62608
62616
62624
62632
62640
62648
62656
62664
62672
62680
65240
65248
65256
65264
65272
65280
65288
65296
65304
65312
65320
65328
65336
65344
65352
65360
65368
65376
65384
65392
65400
65408
65416
65424
65432
65440
65448
65456
65464
65472
65480
65488
65496
65504
65512
65520
67344
67352
67360
67368
67376
67384
67392
67400
67408
67416
67424
67432
67440
67448
67456
67464
67472
67480
65528
65536
65544
65552
65560
65568
65576
65584
65592
65600
65608
65616
65624
65632
65640
65648
65656
65664
65672
65680
65688
65696
65704
65712
65720
65728
65736
65744
65752
65760
65768
65776
65784
65792
65800
65808
65816
65824
65832
65840
65848
65856
65864
65872
65880
65888
65896
65904
65912
65920
65928
65936
65944
65952
65960
65968
65976
65984
65992
66000
66008
66016
66024
66032
66040
66048
66056
66064
66072
66080
66088
66096
66104
66112
66120
66128
66136
66144
66152
66160
66168
66176
66184
66192
66200
66208
66216
66224
66232
67608
67640
66240
66248
66256
66264
66272
66280
66288
66296
66304
66312
66320
66328
66336
66344
66352
66360
66368
66376
66384
66392
66400
66408
66416
66424
66432
66440
66448
66456
66464
66472
66480
66488
66496
66504
66512
66520
66528
66536
66544
66552
66560
66568
66576
66584
66592
66600
66608
66616
66624
66632
66640
66648
66656
66664
66672
66680
66688
66696
66704
66712
66720
66728
66736
66744
66752
66760
66768
66776
66784
66792
66800
66808
66816
66824
66832
66840
66848
66856
66864
66872
66880
66888
66896
66904
66912
66920
66928
66936
66944
66952
66960
66968
66976
66984
66992
67000
67008
67016
67024
67032
67040
67048
67056
67064
67072
67080
67088
67096
67104
67112
67120
67128
67136
67144
67152
67160
67168
67176
67184
67192
67200
67208
67216
67224
67232
67240
67248
67256
67304
67312
67320
67328
67336
67488
67496
67504
67512
67520
67528
67536
67544
67552
67560
67568
67576
67584
67624
67632
68336
68344
68352
68360
68368
68376
68384
68392
68400
68408
68416
68424
68432
68440
68448
68456
68464
68472
68480
68488
68496
68504
68512
68520
68528
68536
68544
68552
68560
68568
68576
68584
68592
68600
68608
68616
68624
68632
68640
68648
68656
68664
68672
68680
68688
68696
68704
68712
68720
68728
68736
68744
68752
68760
68768
68776
68784
68792
68800
68808
68816
68824
68832
68840
68848
68856
68864
68872
68880
68888
68896
68904
68912
68920
68928
68936
68944
68952
68960
68968
68976
68984
68992
69000
69008
69016
69024
69032
69040
69048
69056
69064
69072
69080
69088
69096
69104
69112
69120
69128
69136
69144
69152
69160
69168
69176
69184
69192
69200
69208
69216
69224
69232
69240
69248
69256
69264
69272
69280
69288
69296
69304
69312
69320
69328
69336
69344
69352
69360
69368
69376
69384
69392
69400
69408
69416
69424
69432
69440
69448
69456
69464
69472
69480
69488
69496
69504
69512
69520
69528
69536
69544
69552
69560
69568
69576
69584
69592
69600
69608
69616
69624
69632
69640
69648
69656
69664
69672
69680
69688
69696
69704
69712
69720
69728
69736
69744
69752
69760
69768
69776
69784
69792
69800
69808
69816
69824
69832
69840
69848
69856
69864
69872
69880
69888
69896
69904
69912
69920
69928
69936
69944
69952
69960
69968
69976
69984
69992
70000
70008
70016
70024
70032
70040
70048
70056
70064
70072
70080
70088
70096
70104
70112
70120
70128
70136
70144
70152
70160
70168
70176
70184
70192
70200
70208
70216
70224
70232
70240
70248
70256
70264
70272
70280
70288
70296
70304
70312
70320
70328
70336
70344
70352
70360
70368
70376
70384
70392
70400
70408
70416
70424
70432
70440
70448
70456
70464
70472
70480
70488
70496
70504
70512
70520
70528
70536
70544
70552
70560
70568
70576
70584
70592
70600
70608
70616
70624
70632
70640
70648
70656
70664
70672
70680
70688
70696
70704
70712
70720
70728
70736
70744
70752
70760
70768
70776
70784
70792
70800
70808
70816
70824
70832
70840
70848
70856
70864
70872
70880
70888
70896
70904
70912
70920
70928
70936
70944
70952
70960
70968
70976
70984
70992
71000
71008
71016
71024
71032
71040
71048
71056
71064
71072
71080
71088
71096
71104
71112
71120
71128
71136
71144
71152
71160
71168
71176
71184
71192
71200
71208
71216
71224
71232
71240
71248
71256
71264
71272
71280
71288
71296
71304
71312
71320
71328
71336
71344
71352
71360
71368
71376
71384
71392
71400
71408
71416
71424
71432
71440
71448
71456
71464
71472
71480
71488
71496
71504
71512
71520
71528
71536
71544
71552
71560
71568
71576
71584
71592
71600
71608
71616
71624
71632
71640
71648
71656
71664
71672
71680
71688
71696
71704
71712
71720
71728
71736
71744
71752
71760
71768
71776
71784
71792
71800
71808
71816
71824
71832
71840
71848
71856
71864
71872
71880
71888
71896
71904
71912
71920
71928
71936
71944
71952
71960
71968
71976
71984
71992
72000
72008
72016
72024
72032
72040
72048
72056
72064
72072
72080
72088
72096
72104
72112
72120
72128
72136
72144
72152
72160
72168
72176
72184
72192
72200
72208
72216
72224
72232
72240
72248
72256
72264
72272
72280
72288
72296
72304
72312
72320
72328
72336
72344
72352
72360
72368
72376
72384
72392
72400
72408
72416
72424
72432
72440
72448
72456
72464
72472
72480
72488
72496
72504
72512
72520
72528
72536
72544
72552
72560
72568
72576
72584
72592
72600
72608
72616
72624
72632
72640
72648
72656
72664
72672
67648
67656
67664
67672
67680
67688
67696
67704
67712
67720
67728
67736
67744
67752
67760
67768
67776
67784
67792
67800
67808
67816
67824
67832
67840
67848
67856
67864
67872
67880
67888
67896
72680
72688
72696
72704
72712
72720
72728
72736
72744
72752
72760
72768
67904
67912
67920
67928
67936
67944
67952
67960
67968
67976
67984
67992
68000
68008
68016
68024
68032
68040
68048
68056
68064
68072
68080
68088
72776
72784
72792
72800
72808
72816
72824
72832
72840
72848
72856
72864
68096
68104
68112
68120
68128
68136
68144
68152
68160
68168
68176
68184
68192
68200
68208
68216
68224
68232
68240
68248
68256
68264
68272
68280
68288
68296
68304
68312
68320
68328
72888
72880
72872
72896
72904
72912
72920
72928
72936
72944
72952
72960
72968
72976
72984
72992
73000
73008
73016
73024
73032
73040
73048
73056
73064
73072
73080
73088
73096
73104
73112
73120
73128
73136
73144
73152
73160
73168
73176
73184
73192
73200
73208
73216
73224
73232
73240
73248
73320
73312
73304
73296
73288
73280
73272
73264
73256
73328
73336
73344
73352
73360
73368
73376
73384
73392
73400
73408
73416
73424
73432
73440
73448
73456
73464
73472
73480
73488
73496
73504
73512
73520
73528
73536
73544
73552
73560
73568
73576
73584
73592
73600
73608
73616
73624
73632
73640
73648
73656
73664
73760
73752
73744
73736
73728
73720
73712
73704
73696
73688
73680
73672
73768
73776
73784
73792
73800
73808
73816
73824
73832
73840
73848
73856
73864
73872
73880
73888
73896
73904
73912
73920
73928
73936
73944
73952
73960
73968
73976
73984
73992
74000
74008
74016
74024
74032
74040
74048
74056
74064
74072
74080
74088
74096
74104
74112
74120
74128
74136
74144
74152
74160
74168
74176
74184
74192
74200
74208
74216
74224
74232
74240
74248
74256
74264
74272
74280
74288
74296
74304
74312
74320
74328
74336
74344
74352
74360
74368
74376
74384
74392
74400
74408
74416
74424
74432
74440
74448
74456
74464
74472
74480
74488
74496
74664
77064
77072
77080
77088
74504
74512
74520
74528
74536
74544
74552
74560
74568
74576
74584
74592
74600
74608
74616
74624
74632
74640
74648
74656
74672
74680
74688
74696
74704
74712
74720
74728
74736
74744
74752
74760
74768
74776
74784
74792
10824
10832
67648
79304
79312
79320
79328
79336
79344
79352
79360
79368
79376
79384
79392
